scale factor 	0.500000
class 	 Width 	 Height 	 realDistance 	 Probability
0	109	40	0.600000	0.781633
0	108	45	0.720000	0.785415
0	107	51	0.840000	0.791238
0	105	56	0.920000	0.799277
0	107	61	1.040000	0.818861
0	106	66	1.120000	0.822653
0	105	71	1.240000	0.835318
0	104	76	1.320000	0.856761
0	104	81	1.450000	0.870912
0	109	86	1.530000	0.864847
0	111	91	1.660000	0.863415
0	110	96	1.740000	0.880374
0	110	100	1.830000	0.883684
0	108	105	1.960000	0.907072
0	107	109	2.050000	0.922068
0	106	114	2.140000	0.939161
0	105	118	2.230000	0.940949
0	104	123	2.360000	0.953192
0	103	126	2.410000	0.952864
0	101	131	2.550000	0.950094
0	100	135	2.640000	0.953901
0	100	138	2.730000	0.960284
0	98	134	2.970000	0.946758
0	97	132	3.220000	0.935742
0	97	130	3.470000	0.939799
0	96	128	3.720000	0.930688
0	94	127	3.980000	0.923200
0	94	125	4.250000	0.918821
0	93	122	4.470000	0.913672
0	92	120	4.750000	0.920808
0	91	119	5.030000	0.919984
0	90	117	5.270000	0.933972
0	89	115	5.570000	0.936375
0	89	113	5.810000	0.942561
0	87	111	6.060000	0.945170
0	87	109	6.320000	0.959375
0	86	107	6.570000	0.954059
0	85	102	6.710000	0.969755
0	84	104	7.110000	0.951806
0	84	103	7.390000	0.963041
0	82	101	7.670000	0.949488
0	81	102	7.960000	0.945968
0	80	96	8.400000	0.953623
0	80	95	8.710000	0.961512
0	78	92	8.940000	0.954535
0	78	93	9.340000	0.955854
0	77	88	9.750000	0.962061
0	76	87	10.080000	0.950049
0	75	87	10.430000	0.952841
0	74	86	10.690000	0.940682
0	74	85	10.960000	0.948800
0	74	83	11.230000	0.941903
0	72	82	11.510000	0.932200
0	72	81	11.800000	0.928712
0	71	79	12.080000	0.916003
0	71	79	12.380000	0.924278
0	70	79	12.680000	0.918507
0	69	79	12.980000	0.921068
0	69	77	13.300000	0.913840
0	69	76	13.510000	0.918699
0	69	76	13.830000	0.922049
0	68	75	14.160000	0.921021
0	67	74	14.380000	0.907858
0	68	74	14.720000	0.920743
0	66	73	15.070000	0.906627
0	65	72	15.300000	0.896705
0	65	71	15.660000	0.901565
0	65	70	15.910000	0.901175
0	64	70	16.150000	0.900217
0	63	69	16.530000	0.889958
0	63	68	16.790000	0.894935
0	64	68	17.050000	0.904935
0	63	67	17.440000	0.894474
0	63	66	17.580000	0.899657
0	62	66	17.850000	0.892986
0	61	65	18.270000	0.887941
0	62	65	18.550000	0.901749
0	62	64	18.690000	0.897695
0	61	63	19.120000	0.896218
0	61	63	19.420000	0.896218
0	59	62	19.570000	0.871212
0	59	63	20.020000	0.888258
0	59	61	20.330000	0.893131
0	60	61	20.650000	0.903900
0	59	61	20.970000	0.896813
0	58	61	21.130000	0.895804
0	59	60	21.290000	0.902455
0	58	60	21.620000	0.895245
0	57	59	21.960000	0.889855
0	57	60	22.130000	0.894203
0	56	58	22.470000	0.878105
0	56	57	23.000000	0.887482
0	56	57	23.180000	0.887482
0	56	57	23.540000	0.897847
0	55	56	23.720000	0.885693
0	54	55	24.100000	0.869672
0	55	55	24.470000	0.895513
0	54	54	24.660000	0.879231
0	54	53	25.050000	0.889115
0	53	54	25.250000	0.881939
0	53	53	25.650000	0.877251
0	52	53	26.060000	0.879967
0	52	51	26.470000	0.874360
0	52	52	26.680000	0.890209
0	52	51	27.100000	0.889416
0	51	50	27.320000	0.872217
0	51	50	27.540000	0.883402
0	51	50	27.760000	0.883402
0	50	50	27.980000	0.875000
0	50	50	28.430000	0.886364
0	50	49	28.890000	0.885516
0	50	50	28.890000	0.890601
0	49	49	29.350000	0.888633
0	64	55	28.890000	0.898788
0	48	48	30.810000	0.886594
0	48	47	31.320000	0.897940
0	48	47	31.580000	0.897940
0	47	46	31.840000	0.896007
0	47	46	32.100000	0.896007
0	47	46	32.370000	0.896007
0	47	46	32.630000	0.900654
0	46	45	33.180000	0.894000
0	46	45	33.460000	0.898717
0	46	44	33.730000	0.906199
0	46	44	34.020000	0.906199
0	46	44	34.300000	0.910989
0	45	44	34.590000	0.896703
0	45	44	34.880000	0.910096
0	45	43	35.480000	0.909191
0	44	43	35.780000	0.908260
0	44	42	35.780000	0.902378
0	43	42	36.080000	0.892426
0	44	42	36.390000	0.907319
0	43	42	36.700000	0.906348
0	44	42	37.020000	0.926708
0	42	41	37.660000	0.909583
0	42	40	37.660000	0.903333
0	42	41	38.320000	0.909583
0	42	40	38.320000	0.903333
0	41	40	38.650000	0.893097
0	41	40	38.990000	0.907592
0	41	40	39.330000	0.907592
0	41	40	39.680000	0.913142
0	41	39	40.030000	0.921790
0	42	39	40.380000	0.938069
0	41	39	40.740000	0.927442
0	40	39	41.110000	0.926667
0	40	39	41.470000	0.932576
0	41	38	41.480000	0.942424
0	39	38	41.850000	0.909091
0	39	38	42.220000	0.924945
0	40	37	42.610000	0.941066
0	40	38	42.610000	0.948043
0	40	38	42.990000	0.948043
0	39	39	43.780000	0.961071
0	38	38	43.780000	0.936429
0	38	37	44.180000	0.929286
0	38	36	44.180000	0.922143
0	39	36	44.590000	0.963415
0	37	36	45.000000	0.927517
0	38	36	45.420000	0.945466
0	37	36	45.840000	0.951579
0	37	35	46.270000	0.944079
0	37	35	46.700000	0.950810
0	37	36	46.700000	0.958502
0	36	35	47.140000	0.950312
0	36	35	47.590000	0.950312
0	36	34	47.590000	0.942620
0	36	35	48.040000	0.957397
0	37	35	48.500000	0.956871
0	37	34	48.500000	0.948977
0	36	35	48.960000	0.983784
0	35	34	48.960000	0.956231
0	36	34	49.430000	0.975676
0	35	33	49.910000	0.967568
0	36	34	49.910000	0.955676
0	36	34	50.400000	0.963333
0	35	32	50.400000	0.966667
0	36	34	50.890000	0.942157
0	35	33	51.380000	0.962269
0	34	33	51.890000	0.982857
0	34	33	51.890000	0.982857
0	34	32	51.890000	0.974286
0	34	33	52.400000	0.961645
0	34	33	52.920000	0.969964
0	35	32	52.920000	0.939929
0	35	33	53.450000	0.948752
0	34	32	53.450000	0.961141
0	34	32	53.990000	0.947159
0	34	32	53.990000	0.947159
0	34	31	54.530000	0.938068
0	34	32	54.530000	0.947159
0	33	31	55.080000	0.959943
0	33	31	55.640000	0.945464
0	33	31	55.640000	0.945464
0	33	31	56.210000	0.945464
0	33	31	56.210000	0.945464
0	32	30	56.210000	0.958669
0	34	31	56.790000	0.932500
0	32	31	56.790000	0.977419
0	32	31	57.370000	0.953333
0	34	30	57.370000	0.905000
0	32	30	57.370000	0.943656
0	32	30	57.970000	0.953333
0	32	30	57.970000	0.953333
0	32	31	58.570000	0.943333
0	32	30	58.570000	0.953333
0	32	29	59.190000	0.928947
0	33	31	59.810000	0.944737
0	31	29	59.810000	0.951724
0	32	31	60.450000	0.928771
0	31	29	60.450000	0.951724
0	31	29	61.090000	0.941667
0	31	30	61.090000	0.950000
0	31	29	61.750000	0.918333
0	31	30	61.750000	0.926667
0	31	28	61.750000	0.925000
0	31	29	62.410000	0.925238
0	31	28	62.410000	0.925000
0	30	28	62.410000	0.950000
0	30	29	63.090000	0.924433
0	30	28	63.090000	0.915862
0	30	28	63.090000	0.915862
0	30	28	63.780000	0.922921
0	30	28	63.780000	0.922921
0	31	29	64.480000	0.925238
0	30	27	64.480000	0.931429
0	30	29	65.190000	0.955882
0	30	27	65.190000	0.938235
0	30	27	65.190000	0.938235
0	29	28	65.190000	0.929545
0	29	26	65.190000	0.919231
0	30	28	65.920000	0.922921
0	29	28	65.920000	0.947059
0	29	28	65.920000	0.947059
0	30	27	66.650000	0.921317
0	29	27	66.650000	0.945455
0	29	26	66.650000	0.936364
0	29	27	67.400000	0.945455
0	29	27	67.400000	0.945455
0	29	25	67.400000	0.927273
0	28	25	67.400000	0.916000
0	29	27	68.170000	0.928125
0	28	27	68.170000	0.953125
0	28	24	68.170000	0.925000
0	29	26	68.170000	0.918750
0	28	24	68.940000	0.925000
0	28	28	68.170000	0.962500
0	28	24	68.940000	0.925000
0	28	27	68.940000	0.953125
0	29	24	68.170000	0.900000
0	28	24	69.730000	0.899074
0	28	27	69.730000	0.927199
0	28	24	69.730000	0.899074
0	28	25	69.730000	0.908449
0	28	22	69.730000	0.880324
0	28	24	68.940000	0.925000
0	28	27	70.540000	0.935364
0	28	24	70.540000	0.906332
0	27	23	71.360000	0.922581
0	28	23	71.360000	0.896655
0	28	25	70.540000	0.916010
0	28	23	70.540000	0.896655
0	28	22	70.540000	0.886977
0	27	23	70.540000	0.922581
0	28	23	72.200000	0.876154
0	27	30	74.800000	0.933655
0	28	26	71.360000	0.925687
0	28	23	71.360000	0.896655
0	28	22	71.360000	0.886977
0	28	22	71.360000	0.886977
0	27	22	71.360000	0.912903
0	27	22	71.360000	0.912903
0	27	22	71.360000	0.912903
0	27	22	71.360000	0.912903
0	27	21	73.050000	0.883077
0	27	20	72.200000	0.873077
0	27	22	72.200000	0.893077
0	27	22	72.200000	0.893077
0	27	22	72.200000	0.893077
0	22	22	72.200000	0.969565
2	9	9	68.160000	0.455357
0	24	14	75.700000	0.836364
2	9	9	68.160000	0.455357
0	24	11	77.550000	0.817857
2	9	9	68.160000	0.455357
0	24	13	76.620000	0.839286
0	26	21	73.050000	0.910000
0	23	10	77.550000	0.783566
2	9	10	73.910000	0.584305
2	9	11	74.800000	0.681624
2	11	12	73.910000	0.693452
2	11	13	74.800000	0.788843
2	11	15	74.800000	0.996980
2	11	15	74.800000	0.996980
2	11	15	74.800000	0.996980
2	11	15	74.800000	0.996980
2	11	15	74.800000	0.996980
2	11	15	74.800000	0.996980
2	12	16	74.800000	1.000000
2	12	16	74.800000	1.000000
2	13	16	74.800000	0.995804
2	13	16	74.800000	0.995804
2	13	16	74.800000	0.995804
2	13	16	74.800000	0.995804
1	15	23	73.040000	1.000000
2	14	17	75.700000	0.993082
1	15	23	73.040000	1.000000
2	14	17	75.700000	0.993082
1	15	23	73.040000	1.000000
2	14	18	74.800000	1.000000
1	15	23	73.040000	1.000000
2	14	17	75.700000	0.993082
2	16	23	73.040000	1.000000
2	14	17	75.700000	0.993082
2	16	23	73.040000	1.000000
2	15	17	75.700000	0.900723
2	16	23	73.040000	1.000000
2	15	18	74.800000	0.991888
2	16	23	73.040000	1.000000
2	15	18	74.800000	0.991888
2	17	23	73.040000	1.000000
2	16	18	74.800000	0.903934
0	40	23	73.050000	0.553077
0	40	23	73.050000	0.553077
0	40	23	73.050000	0.553077
2	16	23	73.040000	1.000000
2	17	22	73.050000	1.000000
2	17	23	73.040000	1.000000
2	17	21	73.920000	1.000000
2	16	23	73.040000	1.000000
2	18	21	73.920000	0.994930
2	16	23	73.040000	1.000000
2	16	21	73.920000	1.000000
1	15	23	73.040000	1.000000
2	17	22	73.920000	1.000000
2	44	23	73.050000	0.445385
2	16	23	73.040000	1.000000
2	17	22	73.050000	1.000000
2	16	23	73.040000	1.000000
2	17	23	73.920000	1.000000
2	19	23	73.040000	1.000000
2	18	22	73.050000	1.000000
1	15	23	73.040000	1.000000
2	18	22	73.050000	1.000000
2	19	23	73.040000	1.000000
2	18	23	73.920000	1.000000
2	43	24	73.050000	0.482308
2	44	23	73.050000	0.445385
2	18	23	73.040000	1.000000
0	24	23	73.920000	0.955929
2	15	17	75.690000	0.900723
2	18	22	73.050000	1.000000
0	17	16	75.700000	0.769481
2	18	23	73.920000	1.000000
2	12	16	75.690000	1.000000
1	15	23	73.920000	1.000000
2	42	24	73.910000	0.472276
2	42	22	73.910000	0.451586
2	42	23	74.800000	0.461931
2	11	14	75.690000	0.890019
2	16	17	76.620000	0.819908
2	11	14	76.610000	0.890019
0	17	17	76.620000	0.783766
2	10	13	76.610000	0.837727
0	17	17	76.620000	0.783766
2	16	17	76.620000	0.819908
0	15	13	79.480000	0.695000
2	16	17	76.620000	0.819908
2	16	16	75.700000	0.739860
2	15	15	76.620000	0.731119
2	14	15	77.560000	0.832418
0	26	15	77.560000	0.802381
2	14	14	76.620000	0.722378
2	10	11	77.560000	0.657179
2	15	18	73.920000	0.991888
2	15	22	74.800000	1.000000
2	16	23	74.800000	1.000000
2	11	9	70.540000	0.438225
1	14	23	75.700000	1.000000
2	10	10	68.940000	0.518634
2	13	19	73.920000	1.000000
2	10	9	69.730000	0.439379
1	13	21	74.800000	1.000000
2	9	9	69.730000	0.466770
1	13	21	74.800000	1.000000
1	12	22	74.800000	1.000000
1	12	22	74.800000	1.000000
1	12	18	73.050000	1.000000
1	12	20	73.920000	1.000000
1	11	18	73.050000	1.000000
1	11	18	73.050000	1.000000
1	12	22	74.800000	1.000000
1	11	22	74.800000	1.000000
1	11	19	73.920000	1.000000
1	12	22	74.800000	1.000000
1	11	22	73.920000	1.000000
1	11	21	73.920000	1.000000
1	11	22	73.920000	1.000000
1	11	23	73.920000	1.000000
1	11	21	73.050000	1.000000
1	11	22	73.050000	1.000000
1	10	22	73.050000	1.000000
1	12	22	73.050000	1.000000
1	12	20	73.050000	1.000000
2	14	18	74.800000	1.000000
2	14	19	73.920000	1.000000
2	15	21	73.920000	1.000000
2	15	21	73.050000	1.000000
2	17	22	73.050000	1.000000
2	17	20	73.050000	0.993007
1	13	23	73.920000	1.000000
1	13	23	73.920000	1.000000
2	9	11	73.910000	0.681624
1	14	22	73.050000	1.000000
1	14	24	73.050000	1.000000
1	14	23	73.920000	1.000000
1	14	22	73.050000	1.000000
1	14	22	73.050000	1.000000
1	13	22	73.050000	1.000000
1	13	23	74.800000	1.000000
1	13	23	73.920000	1.000000
1	13	23	73.920000	1.000000
1	13	22	73.920000	1.000000
1	13	22	73.920000	1.000000
1	13	23	73.920000	1.000000
1	12	23	73.920000	1.000000
1	13	24	73.920000	1.000000
1	13	24	73.920000	1.000000
1	14	24	73.920000	1.000000
1	14	23	74.810000	1.000000
2	14	19	76.610000	1.000000
1	15	23	74.810000	1.000000
2	14	20	75.690000	1.000000
1	15	24	73.920000	1.000000
1	15	23	74.790000	1.000000
1	15	24	73.920000	1.000000
1	14	23	73.920000	1.000000
1	15	23	74.790000	1.000000
1	14	23	73.920000	1.000000
1	15	24	73.910000	1.000000
1	15	24	73.910000	1.000000
1	14	24	73.920000	1.000000
1	15	24	73.910000	1.000000
1	14	24	73.920000	1.000000
1	15	23	74.790000	1.000000
1	14	24	73.920000	1.000000
1	15	25	73.040000	1.000000
1	14	24	73.920000	1.000000
1	14	25	73.910000	1.000000
1	14	24	73.920000	1.000000
1	15	26	73.040000	1.000000
1	15	25	74.810000	1.000000
1	15	26	73.040000	1.000000
1	14	24	73.920000	1.000000
1	15	25	73.910000	1.000000
1	14	25	74.810000	1.000000
1	15	23	73.920000	1.000000
1	16	27	73.910000	1.000000
1	16	25	73.040000	1.000000
1	15	23	73.920000	1.000000
1	14	22	73.920000	1.000000
1	16	26	73.040000	1.000000
1	14	22	73.920000	1.000000
1	16	26	73.040000	1.000000
1	14	22	73.920000	1.000000
1	16	27	73.910000	1.000000
1	17	26	73.040000	1.000000
1	15	23	74.810000	1.000000
1	13	22	73.920000	1.000000
2	18	26	73.040000	1.000000
1	14	22	73.920000	1.000000
1	17	26	73.040000	1.000000
2	15	22	73.920000	1.000000
2	18	26	73.040000	1.000000
1	17	26	73.040000	1.000000
1	15	23	74.810000	1.000000
1	17	26	73.040000	1.000000
1	14	23	74.810000	1.000000
1	15	26	73.040000	1.000000
1	13	23	74.810000	1.000000
1	15	26	73.040000	1.000000
1	14	23	74.810000	1.000000
1	15	26	73.040000	1.000000
1	14	23	74.810000	1.000000
1	14	26	73.040000	1.000000
1	14	23	74.810000	1.000000
1	14	25	73.040000	1.000000
1	14	24	74.810000	1.000000
1	15	26	73.040000	1.000000
1	15	23	74.810000	1.000000
1	16	26	73.040000	1.000000
1	13	24	74.810000	1.000000
1	16	26	73.040000	1.000000
1	13	23	74.810000	1.000000
1	16	26	73.040000	1.000000
1	13	22	74.810000	1.000000
1	17	26	72.190000	1.000000
1	12	22	74.810000	1.000000
1	16	27	73.040000	1.000000
1	12	22	74.810000	1.000000
1	16	26	72.190000	1.000000
1	13	23	75.710000	1.000000
1	17	27	73.040000	1.000000
1	13	23	75.710000	1.000000
1	17	26	72.190000	1.000000
1	13	23	75.710000	1.000000
2	17	25	72.190000	1.000000
1	12	24	75.710000	1.000000
1	16	27	73.040000	1.000000
1	13	23	75.710000	1.000000
1	15	27	73.040000	1.000000
1	13	24	75.710000	1.000000
1	15	27	73.040000	1.000000
1	13	24	75.710000	1.000000
1	15	27	73.040000	1.000000
1	13	23	75.710000	1.000000
1	14	26	72.190000	1.000000
1	13	23	75.710000	1.000000
1	14	27	73.040000	1.000000
1	12	23	75.710000	1.000000
1	15	26	72.190000	1.000000
1	14	24	75.710000	1.000000
1	15	27	73.040000	1.000000
1	13	22	74.810000	1.000000
1	16	26	72.190000	1.000000
1	13	23	75.710000	1.000000
1	17	26	72.190000	1.000000
1	13	23	75.710000	1.000000
1	16	27	73.040000	1.000000
1	13	23	75.710000	1.000000
1	16	27	73.040000	1.000000
1	12	23	75.710000	1.000000
1	16	26	72.190000	1.000000
1	13	23	75.710000	1.000000
1	17	26	72.190000	1.000000
1	13	22	75.710000	1.000000
2	17	25	72.190000	1.000000
1	12	24	75.710000	1.000000
1	16	26	72.190000	1.000000
1	13	21	75.710000	1.000000
1	16	25	72.190000	1.000000
1	12	21	75.710000	1.000000
2	18	26	72.180000	1.000000
1	13	23	76.630000	1.000000
1	16	25	72.180000	1.000000
1	12	22	75.710000	1.000000
1	16	26	71.350000	1.000000
1	13	24	76.630000	1.000000
1	15	26	71.350000	1.000000
1	13	23	76.630000	1.000000
1	15	26	71.350000	1.000000
1	13	23	76.630000	1.000000
1	16	26	71.350000	1.000000
1	13	23	76.630000	1.000000
2	20	27	72.180000	1.000000
1	13	24	76.630000	1.000000
1	16	26	71.350000	1.000000
1	12	22	76.630000	1.000000
1	16	26	71.350000	1.000000
1	12	22	76.630000	1.000000
1	16	25	71.350000	1.000000
1	13	22	76.630000	1.000000
1	16	25	71.350000	1.000000
1	13	22	76.630000	1.000000
1	16	25	71.350000	1.000000
1	13	22	76.630000	1.000000
1	16	25	71.350000	1.000000
1	12	22	76.630000	1.000000
1	16	26	71.350000	1.000000
1	12	23	77.570000	1.000000
1	15	26	71.350000	1.000000
1	12	22	76.630000	1.000000
1	15	26	71.350000	1.000000
1	13	22	76.630000	1.000000
1	16	26	71.350000	1.000000
1	13	22	76.630000	1.000000
1	15	25	71.350000	1.000000
1	12	23	77.570000	1.000000
1	15	25	71.350000	1.000000
1	12	23	77.570000	1.000000
1	14	24	70.530000	1.000000
1	12	23	77.570000	1.000000
1	14	27	72.180000	1.000000
1	12	23	77.570000	1.000000
1	16	24	70.530000	1.000000
1	13	22	77.570000	1.000000
1	16	27	71.350000	1.000000
1	13	23	77.570000	1.000000
1	15	26	70.530000	1.000000
1	13	23	77.570000	1.000000
1	15	27	71.350000	1.000000
1	14	23	77.570000	1.000000
1	14	26	70.530000	1.000000
1	13	23	77.570000	1.000000
1	14	26	70.530000	1.000000
1	12	22	76.630000	1.000000
1	15	26	70.530000	1.000000
1	13	22	76.630000	1.000000
1	15	26	70.530000	1.000000
1	12	23	77.570000	1.000000
1	16	26	70.530000	1.000000
1	13	23	77.570000	1.000000
1	15	26	70.530000	1.000000
1	12	22	77.570000	1.000000
1	15	25	70.530000	1.000000
1	13	23	78.520000	1.000000
1	15	25	70.530000	1.000000
1	13	23	78.520000	1.000000
1	15	25	70.530000	1.000000
1	12	23	78.520000	1.000000
1	16	25	70.530000	1.000000
1	12	22	77.570000	1.000000
1	16	25	70.530000	1.000000
1	12	23	78.520000	1.000000
1	15	25	70.530000	1.000000
1	12	23	78.520000	1.000000
1	15	26	70.530000	1.000000
1	13	22	77.570000	1.000000
1	14	25	70.530000	1.000000
1	12	22	77.570000	1.000000
1	14	24	69.720000	1.000000
1	12	22	77.570000	1.000000
1	15	26	69.720000	1.000000
1	12	21	78.520000	1.000000
1	14	25	70.530000	1.000000
1	12	21	78.520000	1.000000
1	14	21	68.930000	1.000000
1	12	21	78.520000	1.000000
1	14	22	68.150000	1.000000
1	12	21	78.520000	1.000000
2	14	20	67.390000	1.000000
1	11	21	78.520000	1.000000
2	14	17	69.720000	0.992547
1	12	21	78.520000	1.000000
1	14	21	68.150000	1.000000
1	12	22	78.520000	1.000000
2	16	20	67.390000	1.000000
1	12	21	78.520000	1.000000
2	15	20	67.390000	1.000000
1	12	21	78.520000	1.000000
2	15	18	68.150000	0.964286
1	12	22	78.520000	1.000000
2	15	22	68.930000	1.000000
1	13	22	78.520000	1.000000
2	15	21	68.930000	1.000000
1	12	22	78.520000	1.000000
1	14	25	71.350000	1.000000
1	12	22	78.520000	1.000000
1	15	27	70.530000	1.000000
1	13	22	78.520000	1.000000
1	13	26	70.530000	1.000000
1	13	22	78.520000	1.000000
1	16	27	70.530000	1.000000
1	13	22	78.520000	1.000000
1	15	24	69.720000	1.000000
1	14	22	78.520000	1.000000
1	15	25	69.720000	1.000000
1	14	21	78.520000	1.000000
2	20	26	69.720000	1.000000
1	13	22	78.520000	1.000000
1	15	25	69.720000	1.000000
1	13	21	78.520000	1.000000
1	15	25	69.720000	1.000000
1	13	21	78.520000	1.000000
1	15	25	69.720000	1.000000
1	13	22	78.520000	1.000000
1	18	29	71.350000	1.000000
1	13	23	79.500000	1.000000
1	15	26	69.720000	1.000000
1	12	22	78.520000	1.000000
1	14	26	69.720000	1.000000
1	12	23	79.500000	1.000000
1	14	26	69.720000	1.000000
1	12	22	79.500000	1.000000
1	14	26	69.720000	1.000000
1	13	22	79.500000	1.000000
1	14	26	69.720000	1.000000
1	13	22	79.500000	1.000000
1	16	28	69.720000	1.000000
1	13	22	79.500000	1.000000
1	16	27	69.720000	1.000000
1	12	22	79.500000	1.000000
1	18	28	69.720000	1.000000
1	12	21	79.500000	1.000000
1	17	27	69.720000	1.000000
1	12	21	79.500000	1.000000
2	18	26	68.930000	1.000000
1	13	21	79.500000	1.000000
1	18	27	69.720000	1.000000
1	13	21	79.500000	1.000000
1	18	27	69.720000	1.000000
1	12	20	78.520000	1.000000
1	17	27	69.720000	1.000000
1	12	21	79.500000	1.000000
1	17	27	69.720000	1.000000
1	12	21	79.500000	1.000000
1	17	27	69.720000	1.000000
1	12	21	79.500000	1.000000
1	16	27	69.720000	1.000000
1	13	21	79.500000	1.000000
1	16	27	69.720000	1.000000
1	12	21	79.500000	1.000000
1	15	27	69.720000	1.000000
1	12	21	79.500000	1.000000
1	15	27	69.720000	1.000000
1	12	21	79.500000	1.000000
1	15	27	69.720000	1.000000
1	11	20	79.500000	1.000000
1	16	28	69.720000	1.000000
1	11	20	79.500000	1.000000
1	17	27	69.730000	1.000000
1	11	20	79.500000	1.000000
1	17	27	69.730000	1.000000
1	11	20	79.500000	1.000000
1	18	27	69.730000	1.000000
1	13	21	80.490000	1.000000
1	18	27	69.730000	1.000000
1	10	20	79.500000	1.000000
1	17	27	69.730000	1.000000
1	11	21	80.490000	1.000000
2	19	26	68.930000	1.000000
2	11	14	76.630000	0.890019
2	18	26	68.930000	1.000000
2	11	14	76.630000	0.890019
2	19	26	68.940000	1.000000
1	11	21	80.490000	1.000000
2	17	25	68.940000	1.000000
1	12	21	80.490000	1.000000
1	17	27	69.730000	1.000000
1	11	17	78.520000	1.000000
2	17	25	68.940000	1.000000
1	12	22	80.490000	1.000000
1	17	26	68.940000	1.000000
1	11	18	78.520000	1.000000
1	17	26	68.940000	1.000000
1	12	21	81.510000	1.000000
1	17	27	69.730000	1.000000
1	17	27	69.730000	1.000000
1	10	16	78.520000	1.000000
1	16	26	68.940000	1.000000
1	12	21	80.490000	1.000000
2	10	11	75.710000	0.638846
1	16	28	69.730000	1.000000
2	9	10	86.900000	0.659357
1	16	28	68.940000	1.000000
1	11	22	80.490000	1.000000
2	11	10	74.810000	0.520025
1	16	26	68.940000	1.000000
2	10	11	86.900000	0.720789
1	17	28	68.940000	1.000000
2	11	13	84.670000	0.862727
2	9	9	74.810000	0.494056
1	17	28	68.940000	1.000000
2	9	9	84.680000	0.540000
1	17	28	68.940000	1.000000
2	11	12	85.780000	0.782297
1	16	27	68.940000	1.000000
2	11	16	83.600000	1.000000
1	16	27	68.940000	1.000000
2	11	15	84.670000	1.000000
1	16	27	68.940000	1.000000
1	12	21	81.500000	1.000000
1	16	27	68.940000	1.000000
2	14	20	80.490000	1.000000
1	15	25	68.160000	1.000000
1	13	21	81.500000	1.000000
1	15	25	68.160000	1.000000
2	13	17	79.500000	1.000000
1	15	28	68.940000	1.000000
1	14	22	79.500000	1.000000
1	15	25	68.160000	1.000000
2	13	18	81.500000	1.000000
1	16	27	68.940000	1.000000
1	12	22	80.490000	1.000000
1	16	26	68.160000	1.000000
1	13	23	80.490000	1.000000
1	16	26	68.160000	1.000000
1	12	23	81.500000	1.000000
1	15	26	68.160000	1.000000
1	12	22	80.490000	1.000000
1	16	28	68.940000	1.000000
1	15	24	81.500000	1.000000
1	17	28	68.160000	1.000000
2	13	19	82.540000	1.000000
1	17	26	67.400000	1.000000
1	13	20	80.490000	1.000000
1	17	28	68.160000	1.000000
1	14	21	81.500000	1.000000
1	16	27	68.160000	1.000000
2	16	23	81.500000	1.000000
1	14	26	67.400000	1.000000
1	14	22	80.490000	1.000000
1	14	26	67.400000	1.000000
2	16	23	80.490000	1.000000
1	17	27	68.160000	1.000000
1	14	24	80.490000	1.000000
1	14	26	67.400000	1.000000
1	14	23	80.490000	1.000000
1	15	25	67.400000	1.000000
1	14	23	80.490000	1.000000
1	14	23	66.650000	1.000000
1	13	24	80.490000	1.000000
2	15	22	66.650000	1.000000
1	13	23	80.490000	1.000000
2	16	23	66.650000	1.000000
1	13	23	80.490000	1.000000
1	14	21	67.400000	1.000000
1	14	24	80.490000	1.000000
2	13	18	65.910000	1.000000
1	13	22	80.490000	1.000000
2	14	20	65.910000	1.000000
1	15	23	80.490000	1.000000
1	13	20	65.910000	1.000000
1	14	23	80.490000	1.000000
2	15	11	61.740000	0.492857
2	12	15	72.190000	0.892081
1	14	22	79.490000	1.000000
1	13	22	79.490000	1.000000
1	15	23	80.490000	1.000000
2	10	9	75.690000	0.465420
1	15	23	80.490000	1.000000
1	14	23	80.490000	1.000000
1	14	24	80.490000	1.000000
1	15	23	80.490000	1.000000
1	9	14	63.080000	0.889778
2	16	23	80.490000	1.000000
1	12	19	65.180000	1.000000
1	15	23	80.490000	1.000000
2	11	16	70.530000	1.000000
1	14	24	80.490000	1.000000
1	13	22	79.490000	1.000000
1	13	22	79.490000	1.000000
2	10	9	61.080000	0.398077
1	14	23	80.490000	1.000000
2	11	10	65.910000	0.479437
1	14	22	79.490000	1.000000
2	14	20	63.770000	1.000000
1	14	23	80.490000	1.000000
1	10	19	65.180000	1.000000
1	13	22	79.490000	1.000000
1	13	25	68.160000	1.000000
1	14	24	80.490000	1.000000
1	14	28	67.400000	1.000000
1	13	22	79.490000	1.000000
1	16	28	66.650000	1.000000
1	14	22	79.490000	1.000000
1	13	28	66.640000	1.000000
1	14	22	79.490000	1.000000
1	16	28	66.640000	1.000000
1	14	22	79.490000	1.000000
1	16	24	65.180000	1.000000
1	14	23	80.480000	1.000000
1	14	22	68.160000	1.000000
1	13	22	79.490000	1.000000
1	13	23	68.160000	1.000000
1	14	23	80.480000	1.000000
2	15	22	68.160000	1.000000
1	14	22	79.490000	1.000000
1	17	27	66.640000	1.000000
1	13	23	80.480000	1.000000
1	16	24	67.400000	1.000000
1	13	23	80.480000	1.000000
1	14	24	67.400000	1.000000
1	12	23	80.480000	1.000000
1	15	24	66.640000	1.000000
1	13	22	79.490000	1.000000
1	16	29	66.640000	1.000000
1	13	22	79.490000	1.000000
1	16	27	65.910000	1.000000
1	14	23	79.490000	1.000000
1	16	28	65.910000	1.000000
1	13	23	79.490000	1.000000
1	15	29	66.640000	1.000000
1	13	23	79.490000	1.000000
1	16	28	65.910000	1.000000
1	14	23	79.490000	1.000000
1	17	28	65.910000	1.000000
1	14	23	79.490000	1.000000
1	16	28	65.910000	1.000000
1	14	23	79.490000	1.000000
1	16	27	65.910000	1.000000
1	14	23	79.490000	1.000000
1	16	28	65.910000	1.000000
1	14	22	78.520000	1.000000
1	16	26	65.180000	1.000000
1	14	22	78.520000	1.000000
1	17	27	65.910000	1.000000
1	13	23	79.490000	1.000000
1	17	27	65.910000	1.000000
1	13	23	79.490000	1.000000
1	16	27	65.910000	1.000000
1	14	22	78.520000	1.000000
1	15	28	65.910000	1.000000
1	13	23	79.490000	1.000000
1	18	29	65.910000	1.000000
1	14	23	79.490000	1.000000
1	16	28	65.180000	1.000000
1	13	23	79.490000	1.000000
1	16	29	65.910000	1.000000
1	13	23	79.490000	1.000000
1	16	28	65.180000	1.000000
1	13	22	78.520000	1.000000
1	16	29	65.910000	1.000000
2	18	22	78.520000	1.000000
1	15	29	65.910000	1.000000
1	13	22	78.520000	1.000000
1	16	29	65.910000	1.000000
1	15	28	65.180000	1.000000
2	18	23	79.490000	1.000000
1	16	28	65.180000	1.000000
1	13	22	78.520000	1.000000
1	16	28	65.180000	1.000000
1	12	21	78.520000	1.000000
1	17	28	65.180000	1.000000
1	11	19	79.490000	1.000000
1	17	28	65.180000	1.000000
1	11	19	79.490000	1.000000
1	18	28	65.180000	1.000000
1	12	21	78.520000	1.000000
1	16	28	65.180000	1.000000
1	12	20	78.520000	1.000000
1	18	28	65.180000	1.000000
1	12	18	78.520000	1.000000
1	18	28	65.180000	1.000000
1	11	18	78.520000	1.000000
1	17	28	65.180000	1.000000
1	11	18	78.520000	1.000000
1	17	28	64.470000	1.000000
1	9	18	79.490000	1.000000
1	16	28	65.180000	1.000000
1	10	19	78.520000	1.000000
1	16	28	64.470000	1.000000
1	10	20	77.560000	1.000000
1	15	29	65.180000	1.000000
2	10	13	81.500000	0.891500
1	14	28	65.180000	1.000000
1	10	19	77.560000	1.000000
1	15	28	64.470000	1.000000
1	15	29	65.180000	1.000000
2	9	10	73.060000	0.584305
1	16	28	64.470000	1.000000
1	16	28	64.470000	1.000000
1	17	28	64.470000	1.000000
1	11	18	76.620000	1.000000
1	17	27	64.470000	1.000000
2	9	9	73.060000	0.494056
1	17	28	64.470000	1.000000
2	12	11	79.490000	0.589957
1	18	28	64.470000	1.000000
2	11	10	76.630000	0.520025
1	18	27	64.470000	1.000000
2	12	14	74.810000	0.842774
1	18	28	64.470000	1.000000
2	12	17	76.630000	1.000000
1	17	26	64.470000	1.000000
1	13	22	77.560000	1.000000
1	16	28	65.180000	1.000000
2	13	18	80.480000	1.000000
1	15	28	65.180000	1.000000
1	12	23	78.520000	1.000000
1	14	27	65.180000	1.000000
1	13	23	78.520000	1.000000
1	15	27	65.180000	1.000000
1	13	21	78.520000	1.000000
1	13	26	64.460000	1.000000
1	13	22	78.520000	1.000000
1	15	26	64.460000	1.000000
1	13	22	78.520000	1.000000
1	14	26	64.460000	1.000000
1	14	22	78.520000	1.000000
1	15	26	64.460000	1.000000
1	14	22	78.520000	1.000000
1	15	27	65.180000	1.000000
1	14	22	78.520000	1.000000
1	15	26	64.460000	1.000000
1	15	23	79.490000	1.000000
1	15	26	64.460000	1.000000
1	14	22	78.520000	1.000000
1	14	26	64.460000	1.000000
1	14	22	78.520000	1.000000
1	15	26	64.460000	1.000000
1	15	23	78.520000	1.000000
1	15	26	64.460000	1.000000
2	16	23	78.520000	1.000000
1	14	25	64.460000	1.000000
2	16	23	78.520000	1.000000
1	15	25	65.180000	1.000000
1	15	24	78.520000	1.000000
1	16	24	64.460000	1.000000
2	15	21	77.560000	1.000000
1	15	26	64.460000	1.000000
1	14	24	78.520000	1.000000
1	15	26	64.460000	1.000000
1	14	23	78.520000	1.000000
1	15	25	65.180000	1.000000
1	13	24	78.520000	1.000000
1	15	25	65.180000	1.000000
1	13	21	77.560000	1.000000
1	15	25	65.180000	1.000000
1	12	20	77.560000	1.000000
1	14	25	65.180000	1.000000
1	13	22	77.560000	1.000000
1	14	25	65.180000	1.000000
1	14	23	78.520000	1.000000
1	13	25	65.900000	1.000000
1	12	22	77.560000	1.000000
1	14	24	65.180000	1.000000
1	13	21	77.560000	1.000000
1	13	24	65.180000	1.000000
1	14	22	76.630000	1.000000
1	13	26	65.900000	1.000000
1	14	22	76.630000	1.000000
1	13	24	65.180000	1.000000
1	14	22	76.630000	1.000000
1	12	23	65.180000	1.000000
1	14	22	76.630000	1.000000
1	13	25	65.900000	1.000000
1	14	21	76.630000	1.000000
1	13	25	65.900000	1.000000
2	14	19	75.710000	1.000000
1	14	26	65.900000	1.000000
2	14	19	75.710000	1.000000
1	14	26	65.900000	1.000000
2	13	16	73.920000	0.995804
1	15	24	65.900000	1.000000
1	14	26	66.640000	1.000000
1	13	26	66.640000	1.000000
2	9	9	73.930000	0.494056
1	14	25	66.640000	1.000000
1	14	25	66.640000	1.000000
1	11	25	66.640000	1.000000
2	10	10	72.210000	0.518634
1	13	25	66.640000	1.000000
2	9	9	73.060000	0.494056
1	14	26	66.640000	1.000000
1	14	25	66.640000	1.000000
2	9	9	73.060000	0.494056
1	14	25	66.640000	1.000000
1	14	25	66.640000	1.000000
2	9	9	73.060000	0.494056
1	14	26	66.640000	1.000000
2	13	16	75.710000	0.995804
1	15	25	66.640000	1.000000
2	12	16	81.500000	1.000000
1	14	25	66.640000	1.000000
2	12	15	81.500000	1.000000
1	14	26	66.640000	1.000000
2	13	15	75.710000	0.896853
1	15	26	66.640000	1.000000
2	13	19	79.490000	1.000000
1	15	26	66.640000	1.000000
2	13	13	77.560000	0.733333
1	15	26	66.640000	1.000000
2	10	13	73.920000	0.837727
1	15	27	67.390000	1.000000
1	12	21	77.560000	1.000000
1	15	26	66.640000	1.000000
2	11	12	73.060000	0.693452
2	11	12	71.370000	0.655562
1	14	26	66.640000	1.000000
2	9	9	83.590000	0.522692
2	11	11	71.370000	0.570497
1	14	27	67.390000	1.000000
2	10	11	71.370000	0.603975
1	14	27	67.390000	1.000000
2	9	9	70.550000	0.466770
1	15	26	66.640000	1.000000
2	9	10	80.490000	0.601140
1	15	27	67.390000	1.000000
1	14	24	76.630000	1.000000
1	15	26	66.640000	1.000000
1	14	24	76.630000	1.000000
1	16	26	66.640000	1.000000
1	14	24	76.630000	1.000000
1	16	26	66.640000	1.000000
1	14	23	76.630000	1.000000
1	15	27	67.390000	1.000000
1	15	23	76.630000	1.000000
1	17	27	67.390000	1.000000
1	14	24	76.630000	1.000000
1	15	26	66.640000	1.000000
2	15	20	74.810000	1.000000
2	13	12	71.370000	0.594267
1	16	27	67.390000	1.000000
1	16	27	67.390000	1.000000
2	13	18	74.810000	1.000000
2	9	10	71.370000	0.552450
1	15	26	67.390000	1.000000
1	14	26	67.390000	1.000000
2	9	9	79.490000	0.507692
2	9	10	71.370000	0.552450
1	14	26	67.390000	1.000000
1	15	26	67.390000	1.000000
1	14	27	67.390000	1.000000
2	9	10	71.370000	0.552450
1	15	28	68.160000	1.000000
1	14	27	68.160000	1.000000
2	9	10	78.520000	0.601140
1	15	27	68.160000	1.000000
2	9	9	79.490000	0.507692
1	16	26	67.390000	1.000000
2	12	17	74.810000	1.000000
1	16	27	68.160000	1.000000
2	13	14	80.480000	0.825641
1	15	27	68.160000	1.000000
1	15	26	67.390000	1.000000
2	11	13	80.480000	0.812121
1	16	27	68.160000	1.000000
2	12	16	79.490000	1.000000
1	14	27	68.160000	1.000000
2	12	11	78.520000	0.589957
2	10	14	72.200000	0.896522
1	15	27	68.160000	1.000000
2	10	11	72.200000	0.603975
1	15	27	68.160000	1.000000
1	15	27	68.160000	1.000000
1	14	23	76.630000	1.000000
1	15	26	67.390000	1.000000
2	12	16	80.480000	1.000000
2	10	12	71.370000	0.695404
1	16	27	68.160000	1.000000
1	15	27	68.160000	1.000000
1	12	22	75.710000	1.000000
1	16	26	67.390000	1.000000
1	12	23	76.630000	1.000000
1	16	27	68.160000	1.000000
1	11	23	76.630000	1.000000
1	16	26	67.390000	1.000000
1	14	21	76.630000	1.000000
1	17	27	68.160000	1.000000
1	13	22	76.630000	1.000000
1	16	27	68.160000	1.000000
1	13	22	76.630000	1.000000
2	16	22	68.930000	1.000000
2	14	18	77.560000	1.000000
1	15	23	69.730000	1.000000
1	15	23	75.710000	1.000000
1	14	23	68.930000	1.000000
2	15	18	73.060000	0.991888
1	14	26	68.930000	1.000000
1	14	23	75.710000	1.000000
1	13	24	68.160000	1.000000
1	14	24	75.710000	1.000000
1	13	26	68.930000	1.000000
1	14	24	75.710000	1.000000
1	14	26	68.930000	1.000000
1	13	24	75.710000	1.000000
1	14	25	69.730000	1.000000
1	13	24	75.710000	1.000000
1	14	24	68.930000	1.000000
1	12	23	75.710000	1.000000
1	13	23	69.730000	1.000000
1	13	23	75.710000	1.000000
1	14	24	69.730000	1.000000
1	12	23	75.710000	1.000000
1	14	23	69.730000	1.000000
1	14	24	75.710000	1.000000
1	14	24	69.730000	1.000000
1	14	23	76.630000	1.000000
1	14	23	69.730000	1.000000
1	14	23	76.630000	1.000000
1	13	24	69.730000	1.000000
1	13	21	76.630000	1.000000
1	13	23	69.730000	1.000000
1	13	22	75.710000	1.000000
2	13	18	71.350000	1.000000
1	13	24	75.710000	1.000000
1	12	19	72.190000	1.000000
1	15	23	75.710000	1.000000
2	13	18	71.350000	1.000000
1	14	23	75.710000	1.000000
1	14	21	70.530000	1.000000
1	16	24	75.710000	1.000000
1	13	20	71.350000	1.000000
1	15	23	75.710000	1.000000
2	13	19	72.190000	1.000000
1	15	23	75.710000	1.000000
1	13	21	72.190000	1.000000
1	14	23	75.710000	1.000000
2	14	17	72.190000	0.992547
1	13	23	75.710000	1.000000
1	14	23	69.730000	1.000000
1	14	24	75.710000	1.000000
1	13	25	70.530000	1.000000
1	13	24	75.710000	1.000000
1	13	25	69.730000	1.000000
1	13	23	75.710000	1.000000
1	13	24	69.730000	1.000000
1	13	24	75.710000	1.000000
1	13	23	70.530000	1.000000
1	14	24	75.710000	1.000000
2	13	12	74.790000	0.629371
1	15	23	75.710000	1.000000
2	12	12	74.790000	0.658741
1	15	24	74.810000	1.000000
2	12	12	74.790000	0.658741
1	14	23	75.710000	1.000000
2	12	12	74.790000	0.658741
1	15	23	75.710000	1.000000
2	11	11	75.690000	0.603846
1	15	24	74.810000	1.000000
2	11	11	75.690000	0.603846
1	14	23	75.710000	1.000000
2	11	11	75.690000	0.603846
1	13	23	74.810000	1.000000
2	11	11	75.690000	0.603846
1	14	23	75.710000	1.000000
2	12	13	74.790000	0.748106
1	14	23	75.710000	1.000000
2	10	10	75.690000	0.548951
1	13	24	74.810000	1.000000
2	10	10	74.790000	0.548951
1	14	24	74.810000	1.000000
2	11	12	73.910000	0.693452
1	13	23	75.710000	1.000000
2	14	12	71.350000	0.570186
1	14	24	74.810000	1.000000
1	9	16	69.730000	1.000000
1	14	25	75.710000	1.000000
1	13	24	74.810000	1.000000
1	14	24	74.810000	1.000000
2	9	9	65.910000	0.455357
1	15	24	74.810000	1.000000
0	14	9	73.040000	0.548814
1	16	24	74.810000	1.000000
1	16	27	70.530000	1.000000
1	16	24	74.810000	1.000000
2	9	9	65.180000	0.455357
1	15	24	74.810000	1.000000
1	12	20	68.160000	1.000000
1	15	23	74.810000	1.000000
0	15	12	72.190000	0.620158
1	15	23	74.810000	1.000000
0	15	12	72.190000	0.620158
2	15	22	73.930000	1.000000
2	9	10	73.040000	0.584305
1	15	23	74.810000	1.000000
2	14	16	73.040000	0.898302
1	14	22	73.930000	1.000000
1	14	23	70.530000	1.000000
1	14	23	74.810000	1.000000
1	14	23	70.530000	1.000000
1	13	24	74.810000	1.000000
2	14	20	72.190000	1.000000
1	14	23	74.810000	1.000000
2	15	21	72.190000	1.000000
1	13	24	74.810000	1.000000
1	14	25	71.350000	1.000000
1	13	23	74.810000	1.000000
1	14	24	70.530000	1.000000
1	14	24	74.810000	1.000000
1	14	25	71.350000	1.000000
1	14	23	74.810000	1.000000
1	14	25	71.350000	1.000000
1	13	23	74.810000	1.000000
1	14	25	71.350000	1.000000
1	15	23	74.810000	1.000000
1	15	25	71.350000	1.000000
1	14	23	74.810000	1.000000
1	14	26	70.530000	1.000000
1	14	24	74.810000	1.000000
1	13	27	71.350000	1.000000
1	14	22	73.930000	1.000000
1	16	24	70.530000	1.000000
1	14	23	74.810000	1.000000
1	15	25	71.350000	1.000000
1	14	25	74.810000	1.000000
1	15	26	70.530000	1.000000
1	14	23	73.930000	1.000000
1	16	26	70.530000	1.000000
1	14	24	73.930000	1.000000
1	16	25	71.350000	1.000000
1	13	23	74.810000	1.000000
1	18	27	71.350000	1.000000
1	14	22	73.060000	1.000000
1	17	26	70.530000	1.000000
1	14	23	73.930000	1.000000
1	17	27	71.350000	1.000000
1	14	23	73.930000	1.000000
1	17	27	71.350000	1.000000
1	14	23	73.930000	1.000000
1	17	27	71.350000	1.000000
1	14	22	73.060000	1.000000
1	16	26	70.530000	1.000000
1	14	23	73.930000	1.000000
1	16	26	70.530000	1.000000
1	14	25	74.810000	1.000000
1	16	27	71.350000	1.000000
1	14	22	73.060000	1.000000
1	16	27	71.350000	1.000000
1	13	23	73.930000	1.000000
1	17	27	71.350000	1.000000
1	13	23	73.930000	1.000000
1	17	27	71.350000	1.000000
1	13	23	73.930000	1.000000
1	16	26	70.530000	1.000000
1	12	23	73.930000	1.000000
1	16	26	70.530000	1.000000
1	12	24	73.930000	1.000000
1	16	26	70.530000	1.000000
1	13	22	73.060000	1.000000
1	16	27	71.350000	1.000000
1	13	23	73.930000	1.000000
1	15	26	71.350000	1.000000
1	13	22	73.060000	1.000000
1	15	25	71.350000	1.000000
1	13	22	73.060000	1.000000
1	15	24	71.350000	1.000000
1	13	22	73.060000	1.000000
1	15	25	72.180000	1.000000
1	13	22	73.060000	1.000000
1	12	20	72.210000	1.000000
1	14	25	72.180000	1.000000
1	12	20	72.210000	1.000000
1	15	26	71.350000	1.000000
1	12	19	72.210000	1.000000
1	15	24	71.350000	1.000000
1	14	26	71.350000	1.000000
1	12	24	73.930000	1.000000
1	14	25	72.180000	1.000000
1	12	22	73.060000	1.000000
1	15	25	72.180000	1.000000
1	13	22	73.060000	1.000000
1	13	20	71.380000	1.000000
1	14	25	72.180000	1.000000
1	13	21	72.210000	1.000000
1	14	25	72.180000	1.000000
1	15	24	72.180000	1.000000
1	12	21	73.930000	1.000000
2	12	13	73.930000	0.748106
1	15	24	72.180000	1.000000
2	13	16	72.210000	0.942188
1	15	23	73.030000	1.000000
2	13	14	74.810000	0.802797
1	14	23	73.030000	1.000000
1	14	22	72.180000	1.000000
1	11	18	75.720000	1.000000
1	18	27	71.350000	1.000000
1	14	21	73.930000	1.000000
1	13	23	72.180000	1.000000
1	14	21	73.930000	1.000000
2	14	18	72.210000	1.000000
1	13	24	72.180000	1.000000
1	14	24	72.180000	1.000000
1	13	23	73.930000	1.000000
1	15	26	72.180000	1.000000
1	14	23	73.930000	1.000000
1	13	21	73.900000	1.000000
2	13	18	75.710000	1.000000
1	13	21	73.900000	1.000000
1	13	22	73.930000	1.000000
1	13	20	73.900000	1.000000
1	13	23	73.930000	1.000000
1	12	20	73.900000	1.000000
1	13	23	73.930000	1.000000
1	12	19	73.900000	1.000000
1	11	21	73.930000	1.000000
1	12	19	73.900000	1.000000
1	12	21	73.060000	1.000000
1	12	19	73.900000	1.000000
1	11	19	74.810000	1.000000
1	12	19	73.900000	1.000000
2	13	18	73.930000	1.000000
1	12	18	74.780000	1.000000
1	13	20	73.930000	1.000000
2	13	18	74.790000	1.000000
1	15	24	72.210000	1.000000
2	13	17	75.690000	1.000000
1	15	24	72.210000	1.000000
1	14	24	72.210000	1.000000
2	13	18	75.690000	1.000000
1	14	24	72.210000	1.000000
2	13	19	75.690000	1.000000
1	14	23	72.210000	1.000000
2	13	17	76.600000	1.000000
1	14	24	72.210000	1.000000
1	15	23	73.900000	1.000000
1	14	21	73.900000	1.000000
1	13	25	73.060000	1.000000
1	13	24	72.210000	1.000000
1	14	25	73.030000	1.000000
1	14	24	72.210000	1.000000
1	15	24	73.030000	1.000000
1	14	24	72.210000	1.000000
1	15	24	73.030000	1.000000
1	14	24	72.210000	1.000000
1	15	24	73.030000	1.000000
1	15	23	73.030000	1.000000
1	14	25	73.060000	1.000000
1	15	23	73.900000	1.000000
1	14	25	73.060000	1.000000
1	15	24	72.210000	1.000000
1	16	24	73.030000	1.000000
1	15	23	73.030000	1.000000
1	15	24	72.210000	1.000000
1	14	24	72.210000	1.000000
1	15	23	73.900000	1.000000
1	15	24	72.210000	1.000000
1	16	24	73.030000	1.000000
1	15	24	72.210000	1.000000
1	15	24	73.030000	1.000000
1	14	24	73.030000	1.000000
1	14	25	73.060000	1.000000
1	15	24	72.210000	1.000000
1	14	24	73.900000	1.000000
1	15	24	72.210000	1.000000
1	14	24	73.900000	1.000000
1	15	25	72.210000	1.000000
1	13	25	73.900000	1.000000
1	14	25	72.210000	1.000000
1	13	25	73.900000	1.000000
1	14	25	72.210000	1.000000
1	13	24	73.040000	1.000000
1	14	25	72.210000	1.000000
1	13	25	73.900000	1.000000
1	14	24	71.370000	1.000000
1	14	25	73.900000	1.000000
1	14	26	72.210000	1.000000
1	15	25	73.900000	1.000000
1	14	24	71.370000	1.000000
2	17	25	73.900000	1.000000
1	14	25	72.210000	1.000000
2	17	25	73.900000	1.000000
1	14	24	71.370000	1.000000
2	17	25	73.040000	1.000000
1	15	24	71.370000	1.000000
1	17	26	73.040000	1.000000
1	15	23	71.370000	1.000000
2	17	25	73.900000	1.000000
1	14	24	71.370000	1.000000
1	16	25	73.900000	1.000000
1	14	24	71.370000	1.000000
1	17	26	73.040000	1.000000
1	14	25	72.210000	1.000000
2	17	24	73.040000	1.000000
1	14	24	71.370000	1.000000
1	16	25	73.900000	1.000000
1	14	24	71.370000	1.000000
1	15	26	73.900000	1.000000
1	14	24	71.370000	1.000000
1	14	25	73.900000	1.000000
1	14	25	72.210000	1.000000
1	13	25	73.910000	1.000000
1	13	25	72.210000	1.000000
1	13	24	73.910000	1.000000
1	13	25	72.210000	1.000000
1	12	24	73.910000	1.000000
1	14	25	72.210000	1.000000
1	13	24	73.910000	1.000000
1	13	25	72.210000	1.000000
1	14	24	73.910000	1.000000
1	13	24	71.370000	1.000000
1	14	24	73.910000	1.000000
1	15	25	72.210000	1.000000
1	16	27	73.910000	1.000000
1	14	23	71.370000	1.000000
1	15	24	73.910000	1.000000
1	14	25	72.210000	1.000000
1	17	26	73.910000	1.000000
1	14	23	71.370000	1.000000
1	16	25	73.910000	1.000000
1	15	25	71.370000	1.000000
1	15	25	73.910000	1.000000
1	15	24	70.550000	1.000000
1	15	25	73.910000	1.000000
1	15	25	71.370000	1.000000
1	13	25	73.910000	1.000000
1	13	24	71.370000	1.000000
1	14	25	74.790000	1.000000
1	15	25	71.370000	1.000000
1	13	25	73.910000	1.000000
1	14	25	71.370000	1.000000
1	13	22	74.790000	1.000000
1	13	24	71.370000	1.000000
1	13	25	74.790000	1.000000
1	13	24	71.370000	1.000000
1	12	24	73.910000	1.000000
1	14	25	71.370000	1.000000
1	13	25	74.790000	1.000000
2	14	20	69.740000	1.000000
1	14	25	74.790000	1.000000
1	15	25	72.210000	1.000000
1	14	24	73.910000	1.000000
1	15	23	71.370000	1.000000
1	14	23	74.790000	1.000000
1	14	25	72.210000	1.000000
1	14	24	74.790000	1.000000
1	14	23	71.370000	1.000000
1	15	25	73.910000	1.000000
1	16	25	71.370000	1.000000
1	15	24	73.910000	1.000000
1	15	24	71.370000	1.000000
1	16	25	73.910000	1.000000
1	16	25	72.210000	1.000000
1	15	25	73.910000	1.000000
1	15	26	71.370000	1.000000
1	15	25	73.910000	1.000000
1	16	25	72.210000	1.000000
1	15	25	73.910000	1.000000
1	15	23	71.370000	1.000000
1	16	25	73.910000	1.000000
1	15	25	71.370000	1.000000
1	15	24	73.040000	1.000000
1	13	25	72.210000	1.000000
1	14	25	73.910000	1.000000
1	13	24	71.370000	1.000000
1	13	25	73.910000	1.000000
2	15	21	70.550000	1.000000
1	14	25	73.910000	1.000000
1	14	24	71.370000	1.000000
1	14	26	73.910000	1.000000
1	13	24	71.370000	1.000000
1	13	25	73.910000	1.000000
1	12	22	70.550000	1.000000
1	14	25	73.910000	1.000000
1	14	23	71.370000	1.000000
1	15	25	73.910000	1.000000
1	14	22	70.550000	1.000000
1	15	25	73.910000	1.000000
1	14	23	71.370000	1.000000
1	15	25	73.910000	1.000000
2	14	20	69.740000	1.000000
1	15	25	73.910000	1.000000
1	12	21	70.550000	1.000000
1	15	25	73.910000	1.000000
1	12	20	69.740000	1.000000
1	14	25	73.910000	1.000000
1	13	22	70.550000	1.000000
1	15	25	73.910000	1.000000
1	12	24	71.370000	1.000000
1	15	25	73.910000	1.000000
1	12	24	71.370000	1.000000
1	12	25	73.910000	1.000000
1	13	24	71.370000	1.000000
1	13	25	73.910000	1.000000
1	12	24	71.370000	1.000000
1	13	25	73.910000	1.000000
1	12	25	72.200000	1.000000
1	12	24	72.200000	1.000000
2	13	19	69.740000	1.000000
1	12	24	73.040000	1.000000
1	13	25	72.200000	1.000000
1	14	23	72.200000	1.000000
1	14	24	72.200000	1.000000
1	13	23	72.200000	1.000000
1	14	23	72.200000	1.000000
1	14	24	72.200000	1.000000
1	14	24	72.200000	1.000000
1	14	24	72.200000	1.000000
1	13	23	72.200000	1.000000
1	16	25	73.050000	1.000000
1	14	24	72.200000	1.000000
1	15	25	73.050000	1.000000
1	14	24	72.200000	1.000000
1	16	25	73.050000	1.000000
1	14	24	72.200000	1.000000
1	14	24	73.050000	1.000000
1	15	24	72.200000	1.000000
1	15	25	73.050000	1.000000
1	15	25	73.050000	1.000000
1	14	23	73.050000	1.000000
1	14	23	72.200000	1.000000
1	14	22	72.200000	1.000000
2	13	17	75.700000	1.000000
1	12	24	73.050000	1.000000
1	14	23	73.050000	1.000000
1	13	24	73.050000	1.000000
2	14	16	75.700000	0.898302
1	12	23	73.050000	1.000000
2	11	14	74.800000	0.890019
1	13	25	73.920000	1.000000
2	13	15	75.700000	0.896853
1	13	25	73.920000	1.000000
2	13	16	74.800000	0.995804
1	14	24	73.050000	1.000000
2	12	17	75.700000	1.000000
1	15	25	73.920000	1.000000
2	13	16	75.700000	0.995804
1	15	24	73.050000	1.000000
2	13	16	75.700000	0.995804
1	16	24	73.050000	1.000000
