scale factor 	0.500000
class 	 Width 	 Height 	 realDistance 	 Probability
0	68	77	15.440000	0.953516
0	68	78	15.440000	0.957314
0	69	80	15.560000	0.967036
0	69	83	15.800000	0.955643
0	70	85	15.920000	0.953632
0	70	88	16.050000	0.942094
0	72	88	16.050000	0.961538
0	72	89	16.170000	0.947833
0	72	92	16.300000	0.936295
0	73	93	16.420000	0.922589
0	74	95	16.550000	0.918929
0	75	102	16.930000	0.958788
0	75	98	16.680000	0.947249
0	76	103	17.060000	0.973418
0	76	103	17.060000	0.973418
0	77	105	17.200000	0.976453
0	77	107	17.330000	0.979375
0	78	107	17.330000	0.988349
0	78	109	17.460000	0.982524
0	79	110	17.460000	0.970637
0	79	112	17.590000	0.961614
0	79	113	17.730000	0.958673
0	80	114	17.730000	0.946757
0	80	116	17.870000	0.940875
0	81	118	18.000000	0.913141
0	81	118	18.000000	0.913141
0	82	120	18.140000	0.912619
0	82	121	18.280000	0.909461
0	82	122	18.280000	0.906303
0	83	124	18.420000	0.904255
0	82	122	18.560000	0.902205
0	63	64	15.200000	0.844110
0	53	56	24.300000	0.876795
0	62	62	15.320000	0.829964
0	53	60	25.070000	0.910064
0	61	59	15.560000	0.817106
0	53	59	25.460000	0.905376
0	60	57	15.680000	0.799789
0	52	57	25.460000	0.884137
0	59	53	15.920000	0.777457
0	53	59	26.070000	0.920608
0	57	49	16.170000	0.750433
0	52	57	26.280000	0.899015
2	15	12	14.970000	0.316522
0	50	47	16.290000	0.673727
0	52	58	26.480000	0.908231
2	11	10	15.090000	0.281950
2	27	18	14.730000	0.365217
0	50	27	17.590000	0.613825
0	52	58	26.910000	0.919242
2	24	16	14.850000	0.369082
0	47	24	17.730000	0.572812
0	51	57	27.120000	0.906644
2	12	14	14.960000	0.454831
0	43	22	17.730000	0.524232
0	51	54	27.120000	0.891890
2	10	12	15.080000	0.396522
0	43	22	17.730000	0.524232
0	51	54	27.340000	0.891890
2	36	16	18.140000	0.429217
0	50	53	27.550000	0.885656
2	26	14	18.140000	0.319768
0	50	52	27.770000	0.880738
2	15	13	18.280000	0.374439
0	50	53	28.220000	0.890000
2	10	9	18.560000	0.264477
0	50	55	28.670000	0.916025
0	49	55	29.140000	0.914846
0	49	52	29.140000	0.899592
0	50	51	29.370000	0.911941
0	49	52	29.610000	0.904151
0	48	49	29.850000	0.875670
0	48	48	29.850000	0.870498
0	48	48	30.090000	0.882238
0	48	49	30.580000	0.891857
0	47	48	30.830000	0.873386
0	48	47	31.080000	0.897940
0	47	48	31.340000	0.889835
0	46	47	31.590000	0.871017
0	47	47	32.120000	0.901462
0	46	46	32.380000	0.882282
0	46	46	32.650000	0.886928
0	46	46	32.920000	0.899556
0	46	45	33.470000	0.898717
0	45	44	33.750000	0.891914
0	44	44	34.030000	0.877628
0	44	44	34.320000	0.882418
0	44	45	34.900000	0.901282
0	44	44	35.190000	0.900490
0	44	44	35.490000	0.900490
0	44	42	35.790000	0.902378
0	43	42	36.100000	0.892426
0	43	42	36.410000	0.892426
0	43	42	36.720000	0.906348
0	43	42	37.040000	0.911491
0	42	41	37.350000	0.890151
0	42	41	37.680000	0.909583
0	42	41	38.000000	0.909583
0	42	41	38.330000	0.909583
0	41	40	38.330000	0.887778
0	42	40	38.670000	0.908652
0	41	41	39.010000	0.913975
0	41	41	39.350000	0.913975
0	40	40	39.350000	0.891683
0	41	40	39.700000	0.913142
0	41	40	40.050000	0.928311
0	40	39	40.400000	0.905511
0	40	39	40.760000	0.911163
0	41	39	41.120000	0.943333
0	40	39	41.490000	0.932576
0	40	39	41.490000	0.932576
0	39	39	41.860000	0.915909
0	39	38	41.860000	0.909091
0	39	38	42.240000	0.924945
0	39	38	42.620000	0.930970
0	39	38	42.620000	0.930970
0	38	38	43.010000	0.913897
0	38	38	43.400000	0.936429
0	39	37	43.790000	0.946786
0	38	37	43.790000	0.929286
0	38	37	44.200000	0.929286
0	37	36	44.200000	0.904643
0	37	36	44.600000	0.927517
0	38	36	44.600000	0.945466
0	37	35	45.010000	0.920200
0	37	36	45.430000	0.927517
0	38	37	45.850000	0.977500
0	37	36	45.850000	0.951579
0	37	36	46.280000	0.951579
0	37	35	46.720000	0.950810
0	37	36	46.720000	0.958502
0	36	35	47.160000	0.950312
0	37	36	47.160000	0.976923
0	36	35	47.600000	0.950312
0	36	35	48.050000	0.957397
0	35	35	48.050000	0.938478
0	35	34	48.050000	0.930583
0	36	34	48.510000	0.968421
0	36	34	48.510000	0.968421
0	36	35	49.450000	0.983784
0	36	34	49.450000	0.975676
0	36	33	49.920000	0.947568
0	35	34	49.920000	0.975676
0	35	34	50.410000	0.983333
0	34	33	50.900000	0.975000
0	34	34	50.900000	0.983333
0	35	33	51.400000	0.962269
0	34	32	51.400000	0.974286
0	34	33	51.900000	0.982857
0	34	32	51.900000	0.974286
0	34	33	52.420000	0.961645
0	33	32	52.420000	0.974286
0	33	33	52.940000	0.991176
0	33	32	52.940000	0.982353
0	34	32	52.940000	0.961141
0	34	32	53.460000	0.961141
0	33	32	53.460000	0.982353
0	33	31	54.000000	0.959943
0	34	32	54.000000	0.947159
0	33	31	54.540000	0.959943
0	34	32	54.540000	0.947159
0	33	32	54.540000	0.969034
0	34	32	55.090000	0.956250
0	33	31	55.650000	0.945464
0	33	32	55.650000	0.954839
0	32	32	55.650000	0.977419
0	33	31	56.220000	0.945464
0	33	32	56.220000	0.954839
0	32	31	56.800000	0.977419
0	32	31	56.800000	0.977419
0	33	32	56.800000	0.945161
0	31	31	57.390000	0.976667
0	33	30	57.390000	0.925000
0	32	31	57.980000	0.943333
0	32	31	57.980000	0.943333
0	32	30	57.980000	0.953333
0	32	31	58.590000	0.943333
0	31	30	58.590000	0.976667
0	31	31	59.200000	0.941724
0	31	31	59.200000	0.941724
0	32	30	59.200000	0.936842
0	31	30	59.200000	0.951724
0	31	29	59.830000	0.951724
0	31	30	59.830000	0.941379
0	31	30	59.830000	0.941379
0	31	29	60.460000	0.951724
0	31	30	60.460000	0.943243
0	31	29	61.100000	0.941667
0	31	29	61.100000	0.941667
0	30	29	61.100000	0.939286
0	30	30	61.760000	0.950000
0	30	29	61.760000	0.941667
0	29	29	61.760000	0.964286
0	31	29	62.430000	0.925238
0	31	29	62.430000	0.925238
0	30	29	62.430000	0.948571
0	30	28	62.430000	0.950000
0	30	29	63.100000	0.924433
0	30	30	63.100000	0.933005
0	30	29	63.790000	0.931744
0	29	27	63.790000	0.948148
0	28	28	63.790000	0.962963
0	29	29	64.490000	0.955882
0	29	29	64.490000	0.955882
0	28	28	64.490000	0.950997
0	29	28	65.200000	0.929545
0	30	28	65.200000	0.947059
0	29	28	65.200000	0.929545
0	29	28	65.200000	0.929545
0	29	26	65.930000	0.929412
0	28	28	65.930000	0.954545
0	28	28	65.930000	0.954545
0	28	26	65.930000	0.946154
0	28	24	67.420000	0.904000
0	28	24	67.420000	0.904000
0	27	27	66.670000	0.953125
0	28	25	68.180000	0.934375
0	27	24	67.420000	0.932000
0	27	26	66.670000	0.943750
0	27	23	68.180000	0.931500
0	27	27	67.420000	0.953125
0	28	25	68.180000	0.934375
0	27	28	67.420000	0.962500
0	27	26	67.420000	0.943750
0	27	19	70.550000	0.883871
0	27	27	68.180000	0.961290
0	28	22	69.750000	0.880324
0	27	27	68.960000	0.934367
0	27	26	68.180000	0.951613
0	27	26	68.180000	0.951613
0	27	22	69.750000	0.906250
0	27	22	69.750000	0.906250
0	27	22	69.750000	0.906250
0	27	27	69.750000	0.953125
0	26	22	70.550000	0.928623
0	27	27	69.750000	0.953125
0	27	20	69.750000	0.887500
0	27	26	69.750000	0.943750
0	26	22	70.550000	0.928623
0	27	23	71.370000	0.922581
0	27	26	69.750000	0.943750
0	26	23	71.370000	0.941667
0	26	24	71.370000	0.928623
0	27	23	71.370000	0.922581
0	26	17	72.210000	0.870000
0	26	21	72.210000	0.910000
0	26	19	73.060000	0.890000
0	25	16	73.930000	0.865517
0	26	17	74.810000	0.847862
0	25	17	74.810000	0.875862
0	26	16	74.810000	0.837517
0	24	17	75.710000	0.879221
0	24	14	73.930000	0.860474
0	25	15	73.930000	0.855172
0	24	16	74.810000	0.864935
0	25	16	73.060000	0.857312
0	26	25	71.370000	0.930621
0	25	18	73.930000	0.886207
0	26	18	73.930000	0.858207
0	25	20	73.930000	0.911858
2	12	11	75.710000	0.574679
2	11	16	73.920000	1.000000
0	24	18	74.810000	0.893506
2	11	16	73.920000	1.000000
2	12	12	75.710000	0.658741
1	10	16	73.920000	1.000000
2	9	9	77.570000	0.507692
2	16	19	75.710000	0.991936
1	10	15	74.810000	1.000000
0	19	16	74.810000	0.833117
2	11	9	74.810000	0.478571
2	11	9	74.810000	0.478571
0	15	14	76.630000	0.677273
2	9	9	74.810000	0.494056
2	9	9	74.810000	0.494056
2	11	14	76.630000	0.890019
2	9	9	74.810000	0.494056
2	12	15	74.810000	0.942745
2	12	15	74.810000	0.942745
2	13	16	74.810000	0.995804
2	13	16	74.810000	0.995804
2	13	16	74.810000	0.995804
2	13	16	74.810000	0.995804
2	14	16	74.810000	0.898302
2	14	16	74.810000	0.898302
2	14	16	74.810000	0.898302
2	14	17	74.810000	0.993082
2	14	17	74.810000	0.993082
1	14	22	72.200000	1.000000
2	15	22	72.200000	1.000000
1	15	23	73.060000	1.000000
1	15	23	73.060000	1.000000
1	15	23	73.060000	1.000000
2	16	23	73.060000	1.000000
1	15	23	73.060000	1.000000
2	16	23	73.060000	1.000000
1	15	23	73.060000	1.000000
1	15	23	73.060000	1.000000
2	16	23	73.060000	1.000000
2	16	23	73.060000	1.000000
2	16	23	73.060000	1.000000
2	16	23	73.060000	1.000000
2	18	23	73.060000	1.000000
2	17	23	73.060000	1.000000
2	17	23	73.060000	1.000000
2	16	23	73.060000	1.000000
1	15	23	73.060000	1.000000
2	18	23	73.060000	1.000000
1	15	23	73.050000	1.000000
1	15	23	73.050000	1.000000
0	18	18	74.810000	0.829870
2	9	9	68.950000	0.466770
2	9	9	68.950000	0.466770
2	9	9	68.950000	0.466770
2	9	9	69.740000	0.466770
2	9	10	68.950000	0.552450
2	11	10	69.740000	0.490966
2	11	9	69.740000	0.433333
2	9	10	68.950000	0.552450
2	10	9	68.950000	0.439379
0	22	24	72.200000	0.942293
0	23	23	72.200000	0.986364
1	16	25	72.200000	1.000000
1	16	25	72.200000	1.000000
1	13	25	73.050000	1.000000
1	14	25	72.200000	1.000000
1	15	25	72.200000	1.000000
1	15	25	72.200000	1.000000
1	13	24	72.200000	1.000000
1	13	25	72.200000	1.000000
1	12	25	72.200000	1.000000
1	13	25	72.200000	1.000000
1	13	25	72.200000	1.000000
1	14	26	72.200000	1.000000
1	14	25	72.200000	1.000000
1	15	25	72.200000	1.000000
1	15	24	71.370000	1.000000
1	15	25	72.200000	1.000000
1	15	25	72.200000	1.000000
1	15	25	72.200000	1.000000
1	15	25	72.200000	1.000000
1	14	25	72.200000	1.000000
1	15	25	72.200000	1.000000
1	15	25	72.200000	1.000000
1	13	25	72.200000	1.000000
1	14	25	72.200000	1.000000
1	13	25	72.200000	1.000000
1	12	25	72.200000	1.000000
1	12	25	72.200000	1.000000
1	13	25	72.200000	1.000000
1	12	24	71.360000	1.000000
1	13	24	71.360000	1.000000
1	14	24	71.360000	1.000000
1	13	25	72.200000	1.000000
1	14	24	71.360000	1.000000
1	14	24	71.360000	1.000000
1	14	24	71.360000	1.000000
1	14	25	72.200000	1.000000
1	14	23	72.200000	1.000000
1	13	25	72.200000	1.000000
1	14	25	72.200000	1.000000
1	13	24	72.200000	1.000000
1	13	23	72.200000	1.000000
1	13	25	72.200000	1.000000
1	12	24	72.200000	1.000000
1	12	23	72.200000	1.000000
1	13	25	72.200000	1.000000
1	13	24	72.200000	1.000000
1	14	24	72.200000	1.000000
1	14	23	72.200000	1.000000
1	15	23	72.200000	1.000000
1	13	23	72.200000	1.000000
1	13	23	72.200000	1.000000
1	13	23	72.200000	1.000000
1	13	24	72.200000	1.000000
1	14	23	72.200000	1.000000
1	14	25	73.050000	1.000000
1	14	24	72.200000	1.000000
1	14	24	72.200000	1.000000
1	14	23	72.200000	1.000000
1	13	25	73.050000	1.000000
1	14	25	73.050000	1.000000
1	13	24	72.200000	1.000000
1	13	24	72.200000	1.000000
1	14	23	72.200000	1.000000
1	13	25	73.050000	1.000000
1	13	24	72.200000	1.000000
1	14	24	72.200000	1.000000
1	13	24	72.200000	1.000000
1	14	23	72.200000	1.000000
1	13	23	72.200000	1.000000
1	13	23	72.200000	1.000000
1	13	24	72.200000	1.000000
1	13	24	72.200000	1.000000
1	13	23	73.050000	1.000000
1	13	22	72.200000	1.000000
1	12	24	72.200000	1.000000
1	13	24	72.200000	1.000000
1	13	22	72.200000	1.000000
1	13	23	73.050000	1.000000
1	13	23	73.050000	1.000000
1	13	23	73.050000	1.000000
1	13	23	73.050000	1.000000
1	13	24	73.050000	1.000000
1	12	23	73.050000	1.000000
1	12	23	73.050000	1.000000
1	13	22	72.200000	1.000000
1	13	24	73.050000	1.000000
1	13	23	73.050000	1.000000
1	13	23	73.050000	1.000000
1	13	25	73.910000	1.000000
1	13	23	73.050000	1.000000
1	13	23	73.050000	1.000000
1	13	23	73.050000	1.000000
1	13	25	73.910000	1.000000
1	13	22	73.050000	1.000000
1	12	23	73.050000	1.000000
1	12	24	73.050000	1.000000
1	12	23	73.050000	1.000000
1	12	23	73.050000	1.000000
1	12	22	73.050000	1.000000
1	12	24	73.050000	1.000000
1	13	22	73.050000	1.000000
1	12	23	73.910000	1.000000
1	12	21	73.910000	1.000000
1	12	21	73.910000	1.000000
1	13	22	73.050000	1.000000
1	12	21	73.910000	1.000000
1	12	20	73.050000	1.000000
1	12	23	74.800000	1.000000
1	11	22	73.910000	1.000000
1	11	23	73.910000	1.000000
1	11	22	73.910000	1.000000
1	11	21	73.910000	1.000000
1	11	21	73.910000	1.000000
1	11	21	73.910000	1.000000
1	10	21	73.910000	1.000000
1	13	22	73.910000	1.000000
1	10	20	73.040000	1.000000
1	14	23	74.800000	1.000000
1	13	22	73.910000	1.000000
1	11	22	73.910000	1.000000
1	12	21	73.910000	1.000000
1	11	19	73.910000	1.000000
1	11	20	73.050000	1.000000
1	11	20	73.050000	1.000000
1	10	19	73.910000	1.000000
1	12	22	74.800000	1.000000
1	12	22	74.800000	1.000000
1	13	23	74.800000	1.000000
2	13	18	73.050000	1.000000
2	12	11	70.540000	0.542598
2	13	19	73.910000	1.000000
1	13	20	74.800000	1.000000
2	12	17	77.550000	1.000000
1	13	20	75.700000	1.000000
2	12	17	77.550000	1.000000
2	13	19	76.620000	1.000000
1	13	20	76.620000	1.000000
1	13	23	75.700000	1.000000
1	15	23	75.700000	1.000000
1	14	22	75.700000	1.000000
1	14	23	75.700000	1.000000
1	14	22	75.700000	1.000000
1	13	23	75.700000	1.000000
1	12	23	76.620000	1.000000
1	12	23	75.700000	1.000000
1	13	24	75.700000	1.000000
1	13	23	75.700000	1.000000
1	14	23	75.700000	1.000000
1	14	23	75.700000	1.000000
1	13	24	75.700000	1.000000
1	13	22	74.800000	1.000000
1	14	23	75.700000	1.000000
1	13	23	75.700000	1.000000
1	15	23	75.700000	1.000000
1	15	23	75.700000	1.000000
1	15	24	75.700000	1.000000
1	13	23	75.700000	1.000000
1	14	24	75.700000	1.000000
1	13	23	75.700000	1.000000
1	13	24	75.700000	1.000000
1	12	23	75.700000	1.000000
1	13	24	75.700000	1.000000
1	14	23	75.700000	1.000000
1	14	23	75.700000	1.000000
1	15	25	76.620000	1.000000
1	15	23	75.700000	1.000000
1	15	23	75.700000	1.000000
1	15	24	75.700000	1.000000
1	15	24	75.700000	1.000000
1	15	24	75.700000	1.000000
1	14	24	75.700000	1.000000
1	15	24	75.700000	1.000000
1	14	24	75.700000	1.000000
1	13	23	75.700000	1.000000
1	13	24	75.700000	1.000000
1	13	25	76.620000	1.000000
1	12	23	75.700000	1.000000
1	12	23	75.700000	1.000000
1	13	23	75.700000	1.000000
1	13	23	75.700000	1.000000
1	13	23	75.700000	1.000000
1	13	24	75.700000	1.000000
1	12	23	75.700000	1.000000
1	12	23	75.700000	1.000000
1	12	23	75.700000	1.000000
1	13	23	75.700000	1.000000
1	13	23	75.700000	1.000000
1	13	23	76.620000	1.000000
1	13	23	76.620000	1.000000
1	13	22	75.700000	1.000000
1	13	22	75.700000	1.000000
1	13	22	75.700000	1.000000
1	13	24	76.620000	1.000000
1	13	23	76.620000	1.000000
1	13	23	76.620000	1.000000
1	13	23	76.620000	1.000000
1	13	23	76.620000	1.000000
1	13	23	76.620000	1.000000
1	13	23	76.620000	1.000000
1	13	22	75.700000	1.000000
1	13	21	76.620000	1.000000
1	13	21	76.620000	1.000000
1	12	21	76.620000	1.000000
1	12	22	75.700000	1.000000
1	12	21	76.620000	1.000000
1	12	22	76.620000	1.000000
1	12	22	76.620000	1.000000
1	12	22	76.620000	1.000000
1	12	22	76.620000	1.000000
1	11	22	76.620000	1.000000
1	12	21	76.620000	1.000000
1	12	20	75.700000	1.000000
1	9	16	73.920000	1.000000
1	9	15	74.800000	1.000000
1	11	22	77.560000	1.000000
2	11	15	73.920000	0.996980
2	12	15	73.920000	0.942745
1	12	22	76.620000	1.000000
2	13	15	73.920000	0.896853
1	13	20	75.700000	1.000000
2	13	13	73.920000	0.713636
1	12	19	78.510000	1.000000
1	11	22	76.620000	1.000000
1	13	24	77.560000	1.000000
1	12	20	78.510000	1.000000
1	13	23	77.560000	1.000000
1	13	21	78.510000	1.000000
1	13	22	77.560000	1.000000
1	14	21	77.560000	1.000000
2	15	20	76.620000	1.000000
1	14	22	77.560000	1.000000
1	15	23	77.560000	1.000000
1	13	23	77.560000	1.000000
1	12	21	78.510000	1.000000
1	11	22	76.620000	1.000000
1	12	23	77.560000	1.000000
1	13	22	77.560000	1.000000
1	13	23	77.560000	1.000000
1	13	22	76.620000	1.000000
1	13	23	77.560000	1.000000
1	13	22	76.620000	1.000000
1	14	23	77.560000	1.000000
1	13	22	76.620000	1.000000
1	14	22	76.620000	1.000000
1	15	23	77.560000	1.000000
1	15	23	77.560000	1.000000
1	14	23	77.560000	1.000000
1	13	23	77.560000	1.000000
1	12	23	77.550000	1.000000
1	12	23	77.550000	1.000000
1	12	22	76.620000	1.000000
1	13	23	77.550000	1.000000
1	13	24	76.620000	1.000000
1	14	23	77.550000	1.000000
1	14	24	76.620000	1.000000
1	13	23	76.620000	1.000000
1	13	24	76.620000	1.000000
1	13	24	76.620000	1.000000
1	13	24	76.620000	1.000000
1	13	22	75.700000	1.000000
1	13	23	76.620000	1.000000
1	13	24	76.620000	1.000000
1	13	24	76.620000	1.000000
1	13	23	77.550000	1.000000
1	13	21	76.620000	1.000000
1	12	20	77.550000	1.000000
1	12	22	77.550000	1.000000
1	13	22	77.550000	1.000000
1	13	23	77.550000	1.000000
1	13	21	77.550000	1.000000
1	13	20	76.620000	1.000000
2	12	14	81.490000	0.894744
2	12	12	79.480000	0.676923
2	12	13	82.520000	0.792917
2	13	13	80.480000	0.733333
2	13	16	77.550000	1.000000
2	12	14	80.470000	0.867521
2	12	17	77.550000	1.000000
2	11	14	81.490000	0.946713
1	12	19	77.550000	1.000000
1	13	23	77.550000	1.000000
1	12	22	77.550000	1.000000
1	11	20	75.700000	1.000000
1	14	23	77.550000	1.000000
1	13	22	76.620000	1.000000
1	12	22	76.620000	1.000000
2	13	13	80.470000	0.733333
1	14	23	76.620000	1.000000
2	12	12	79.480000	0.676923
2	9	9	70.540000	0.466770
2	9	10	82.520000	0.619658
2	11	13	81.490000	0.837727
2	9	9	77.550000	0.507692
2	13	18	78.510000	1.000000
1	13	23	76.620000	1.000000
1	11	18	77.550000	1.000000
2	12	15	76.620000	0.942745
1	13	22	75.700000	1.000000
1	10	19	74.800000	1.000000
1	11	23	75.700000	1.000000
1	13	23	75.700000	1.000000
1	14	22	74.800000	1.000000
1	14	23	75.700000	1.000000
1	11	23	74.800000	1.000000
1	14	23	74.800000	1.000000
1	14	23	74.800000	1.000000
1	13	23	74.800000	1.000000
1	13	23	75.700000	1.000000
1	13	22	74.800000	1.000000
1	13	22	74.800000	1.000000
1	13	22	74.800000	1.000000
1	13	23	74.800000	1.000000
1	14	22	74.800000	1.000000
1	14	22	74.800000	1.000000
1	14	24	74.800000	1.000000
1	13	22	74.800000	1.000000
1	12	23	74.790000	1.000000
1	12	23	74.790000	1.000000
1	13	23	74.790000	1.000000
1	11	23	74.790000	1.000000
1	13	21	74.790000	1.000000
1	12	22	74.790000	1.000000
1	12	22	73.910000	1.000000
1	12	22	73.910000	1.000000
1	13	21	73.910000	1.000000
1	13	22	73.040000	1.000000
1	12	22	73.040000	1.000000
1	13	23	73.910000	1.000000
1	13	22	73.040000	1.000000
1	12	23	73.910000	1.000000
1	13	22	73.040000	1.000000
1	12	22	73.040000	1.000000
1	13	23	73.910000	1.000000
1	12	22	73.040000	1.000000
1	13	23	73.910000	1.000000
1	13	23	73.910000	1.000000
1	13	23	73.910000	1.000000
1	13	22	73.040000	1.000000
1	13	23	73.910000	1.000000
1	12	23	73.910000	1.000000
1	12	24	73.910000	1.000000
1	12	21	73.910000	1.000000
1	11	21	73.910000	1.000000
1	12	22	73.040000	1.000000
1	12	22	73.040000	1.000000
1	11	21	73.040000	1.000000
1	11	22	72.190000	1.000000
1	11	24	73.040000	1.000000
1	12	21	73.040000	1.000000
1	12	22	73.040000	1.000000
1	12	23	73.910000	1.000000
1	13	25	73.910000	1.000000
2	13	19	71.360000	1.000000
1	14	22	72.190000	1.000000
2	14	17	71.360000	0.992547
1	13	23	73.040000	1.000000
2	13	17	73.040000	1.000000
2	13	17	73.910000	1.000000
1	14	24	73.040000	1.000000
1	13	20	73.910000	1.000000
1	14	22	73.040000	1.000000
1	14	23	73.910000	1.000000
2	14	20	71.360000	1.000000
1	14	21	72.190000	1.000000
1	14	24	73.040000	1.000000
1	13	24	73.040000	1.000000
1	13	23	73.910000	1.000000
1	13	21	72.190000	1.000000
1	13	24	73.050000	1.000000
1	13	23	73.050000	1.000000
1	14	24	73.050000	1.000000
1	13	24	73.050000	1.000000
1	13	24	73.050000	1.000000
1	14	24	73.050000	1.000000
1	15	24	73.050000	1.000000
1	15	24	73.050000	1.000000
1	14	24	73.050000	1.000000
1	14	25	73.050000	1.000000
1	13	24	72.190000	1.000000
1	13	24	73.050000	1.000000
1	14	24	73.050000	1.000000
1	13	22	71.360000	1.000000
1	14	24	73.050000	1.000000
1	13	23	73.050000	1.000000
1	14	25	73.050000	1.000000
1	14	26	73.050000	1.000000
1	14	24	73.050000	1.000000
1	15	25	73.050000	1.000000
1	15	24	73.050000	1.000000
1	15	23	73.050000	1.000000
1	15	25	73.050000	1.000000
1	14	24	73.050000	1.000000
1	16	25	73.050000	1.000000
1	16	25	73.050000	1.000000
1	15	25	73.050000	1.000000
1	15	25	73.050000	1.000000
1	14	25	73.050000	1.000000
1	13	24	72.200000	1.000000
1	13	25	73.050000	1.000000
1	14	25	73.050000	1.000000
1	14	24	73.050000	1.000000
1	14	25	73.050000	1.000000
1	16	25	73.050000	1.000000
1	16	25	73.050000	1.000000
1	16	25	73.050000	1.000000
1	16	25	73.050000	1.000000
1	15	25	73.050000	1.000000
1	15	25	73.050000	1.000000
1	15	24	73.050000	1.000000
1	14	25	73.050000	1.000000
1	14	25	73.920000	1.000000
1	13	24	73.050000	1.000000
1	13	25	73.050000	1.000000
1	13	24	73.050000	1.000000
1	14	24	73.050000	1.000000
1	15	24	73.050000	1.000000
1	15	24	73.050000	1.000000
1	15	24	73.050000	1.000000
1	15	23	73.050000	1.000000
1	15	24	73.050000	1.000000
2	16	23	73.050000	1.000000
1	16	24	73.050000	1.000000
2	17	24	73.050000	1.000000
1	16	24	73.050000	1.000000
1	15	24	73.050000	1.000000
1	14	23	73.050000	1.000000
1	14	26	73.050000	1.000000
1	13	23	73.050000	1.000000
1	13	24	73.050000	1.000000
1	14	25	73.050000	1.000000
1	14	24	73.050000	1.000000
1	13	25	73.920000	1.000000
1	14	25	73.920000	1.000000
1	15	25	73.920000	1.000000
1	16	24	73.050000	1.000000
1	15	24	73.050000	1.000000
1	15	24	73.050000	1.000000
1	15	24	73.050000	1.000000
1	15	23	73.050000	1.000000
1	15	24	73.050000	1.000000
1	14	24	73.050000	1.000000
1	13	23	73.050000	1.000000
1	14	23	73.050000	1.000000
1	13	22	72.200000	1.000000
1	13	22	72.200000	1.000000
1	13	22	72.200000	1.000000
1	13	22	72.200000	1.000000
1	13	22	72.200000	1.000000
1	13	22	72.200000	1.000000
1	13	22	72.200000	1.000000
2	17	23	73.060000	1.000000
2	17	22	72.200000	1.000000
2	17	22	73.060000	1.000000
2	17	21	73.920000	1.000000
2	16	21	73.920000	1.000000
2	17	20	73.920000	0.993007
2	15	20	73.920000	1.000000
2	14	20	73.920000	1.000000
2	17	19	74.810000	0.907795
2	14	18	74.810000	1.000000
2	13	19	74.810000	1.000000
1	12	19	74.810000	1.000000
1	13	21	74.810000	1.000000
2	17	19	74.810000	0.907795
2	15	19	74.810000	1.000000
2	15	21	73.920000	1.000000
1	14	21	73.920000	1.000000
1	14	21	73.920000	1.000000
1	12	20	73.920000	1.000000
1	13	21	73.920000	1.000000
2	10	9	68.950000	0.439379
2	11	10	78.520000	0.533800
2	9	9	68.950000	0.466770
2	11	10	78.520000	0.533800
2	10	10	78.520000	0.564103
0	14	12	77.560000	0.646667
0	14	12	77.560000	0.646667
0	14	12	77.560000	0.646667
2	11	13	78.520000	0.812121
2	12	13	78.520000	0.769444
2	9	9	79.490000	0.507692
2	10	13	77.560000	0.863333
2	11	11	78.520000	0.620513
2	10	13	76.630000	0.837727
2	10	10	76.630000	0.548951
2	11	11	76.630000	0.603846
2	9	9	77.560000	0.507692
2	9	9	77.560000	0.507692
2	9	9	72.200000	0.466770
2	10	10	73.920000	0.548951
2	9	9	80.490000	0.507692
2	9	9	80.490000	0.507692
2	9	9	80.490000	0.507692
0	24	20	72.210000	0.942293
0	24	25	74.810000	0.947343
0	24	25	74.810000	0.947343
0	26	23	73.930000	0.909931
0	24	24	73.930000	0.957143
0	24	24	73.930000	0.957143
0	23	24	73.930000	0.972727
0	26	24	73.930000	0.920276
0	21	24	73.930000	0.911858
0	21	20	72.210000	0.911858
0	25	25	75.710000	0.958621
2	18	23	74.810000	1.000000
0	24	25	75.710000	0.947343
2	18	20	73.060000	0.912199
0	24	25	75.710000	0.947343
0	23	20	73.060000	0.972727
0	24	25	76.630000	0.967857
2	9	9	69.740000	0.466770
0	24	23	77.570000	0.946429
2	9	9	69.740000	0.466770
0	25	25	76.630000	0.938690
2	9	9	69.740000	0.466770
0	25	22	76.630000	0.906548
0	25	25	76.630000	0.938690
0	25	25	76.630000	0.938690
2	12	9	69.750000	0.462500
0	24	15	81.500000	0.842642
0	24	25	76.630000	0.967857
0	23	25	76.630000	0.956643
0	24	26	76.630000	0.978571
0	23	26	76.630000	0.968182
0	24	25	77.570000	0.967857
0	24	25	77.570000	0.967857
0	24	25	77.570000	0.967857
0	25	25	77.570000	0.938690
0	26	25	77.570000	0.909524
0	25	25	77.570000	0.938690
0	25	23	76.630000	0.917262
0	25	24	76.630000	0.927976
0	25	24	76.630000	0.927976
0	25	24	76.630000	0.927976
0	25	24	76.630000	0.927976
0	25	24	76.630000	0.927976
0	26	24	76.630000	0.898810
0	25	23	77.570000	0.917262
0	25	25	78.520000	0.948611
0	24	24	77.560000	0.957143
0	25	26	78.520000	0.959722
0	25	24	77.570000	0.927976
0	24	25	78.520000	0.977778
0	24	24	77.560000	0.957143
0	24	25	78.520000	0.977778
0	23	25	78.520000	0.968182
0	23	25	79.490000	0.977778
0	23	24	78.520000	0.956182
0	25	25	79.490000	0.916908
0	24	24	78.520000	0.966667
0	24	24	78.520000	0.966667
0	25	24	78.520000	0.937500
0	24	26	79.490000	0.958454
0	24	26	79.490000	0.958454
0	24	27	80.490000	0.969565
0	24	26	79.490000	0.958454
0	25	25	80.490000	0.916908
0	25	24	79.490000	0.905797
0	25	26	80.490000	0.928019
0	25	24	79.490000	0.905797
0	25	23	80.490000	0.894686
0	25	25	81.500000	0.927592
0	25	24	80.490000	0.905797
0	25	24	80.490000	0.905797
0	25	24	80.490000	0.905797
0	25	24	80.490000	0.905797
0	24	23	81.500000	0.934950
0	23	24	81.500000	0.976923
0	24	24	81.500000	0.946488
0	24	24	81.500000	0.946488
0	23	23	82.540000	0.933566
0	24	23	82.540000	0.901748
0	23	24	82.540000	0.945105
0	23	24	82.540000	0.945105
0	23	24	82.540000	0.945105
0	24	24	82.530000	0.913287
0	23	23	83.590000	0.933566
0	23	18	85.770000	0.852632
0	23	24	83.590000	0.945105
0	23	18	85.770000	0.852632
0	23	20	85.770000	0.873333
0	23	21	86.900000	0.885333
0	24	18	86.900000	0.816000
0	23	18	86.900000	0.849333
0	23	23	84.670000	0.944182
0	23	22	84.670000	0.932182
0	23	22	86.900000	0.897333
0	24	23	85.770000	0.876000
0	24	20	88.050000	0.850000
0	24	23	88.050000	0.887500
0	23	18	88.050000	0.858333
0	23	18	88.050000	0.858333
0	23	22	85.770000	0.897333
0	23	19	89.220000	0.870833
0	23	19	89.220000	0.870833
0	23	21	88.050000	0.895833
0	23	21	88.050000	0.895833
0	23	21	88.050000	0.895833
0	23	21	88.050000	0.895833
0	23	21	88.050000	0.895833
0	23	22	88.050000	0.908333
0	22	21	89.220000	0.929167
0	24	21	89.220000	0.862500
0	24	22	90.420000	0.835000
0	23	18	90.420000	0.820000
0	23	19	91.650000	0.832500
0	23	21	90.420000	0.857500
0	24	18	90.420000	0.785000
0	23	18	91.650000	0.820000
0	23	21	91.650000	0.857500
0	23	18	91.650000	0.820000
0	24	21	91.650000	0.822500
0	23	18	91.650000	0.820000
0	23	19	92.910000	0.842826
0	24	22	92.910000	0.846957
0	23	20	91.650000	0.845000
0	23	19	92.910000	0.842826
0	23	18	92.910000	0.829783
0	23	21	94.190000	0.868913
0	23	21	94.190000	0.868913
0	23	22	94.190000	0.881957
0	22	19	94.190000	0.877826
0	22	20	94.190000	0.890870
0	22	18	94.190000	0.864783
0	23	22	95.510000	0.839588
0	22	19	95.510000	0.837300
0	23	22	95.510000	0.839588
0	22	18	95.510000	0.824256
0	22	19	95.510000	0.837300
0	23	18	95.510000	0.787414
0	23	22	96.850000	0.839588
0	23	19	96.850000	0.800458
0	22	22	96.850000	0.876430
0	22	18	96.850000	0.824256
0	23	20	96.850000	0.813501
0	22	18	96.850000	0.824256
0	22	22	98.230000	0.889474
0	22	19	99.640000	0.848565
0	23	20	98.230000	0.825359
0	22	20	98.230000	0.862201
0	22	19	98.230000	0.848565
0	21	20	98.230000	0.899043
0	22	20	99.640000	0.862201
0	22	20	101.090000	0.862201
0	23	20	101.090000	0.825359
0	22	20	99.640000	0.862201
0	22	21	101.090000	0.875837
0	22	18	99.640000	0.834928
0	22	20	101.090000	0.862201
0	22	21	102.570000	0.875837
0	22	19	102.570000	0.848565
0	21	21	102.570000	0.912679
0	21	17	102.570000	0.858134
0	22	20	101.090000	0.862201
0	22	18	104.090000	0.789899
0	21	21	104.090000	0.869697
0	21	20	102.570000	0.899043
0	21	19	104.090000	0.842424
0	22	17	104.090000	0.776263
0	21	19	104.090000	0.842424
0	21	19	105.640000	0.842424
0	21	20	104.090000	0.856061
0	21	17	105.640000	0.815152
0	21	19	105.640000	0.842424
0	21	19	105.640000	0.842424
0	21	18	105.640000	0.828788
0	21	20	105.640000	0.856061
0	21	18	107.240000	0.828788
0	22	19	108.880000	0.803535
0	21	19	107.240000	0.842424
0	21	18	105.640000	0.828788
0	21	19	107.240000	0.842424
0	22	21	108.880000	0.830808
0	21	19	108.880000	0.842424
0	22	20	108.880000	0.817172
0	21	19	108.880000	0.842424
0	21	19	110.560000	0.842424
0	21	19	110.560000	0.842424
0	20	18	108.880000	0.867677
0	20	20	110.560000	0.894949
0	20	19	110.560000	0.881313
0	20	16	110.560000	0.840404
0	20	20	110.560000	0.894949
0	20	17	112.290000	0.865079
0	20	19	112.290000	0.893651
0	20	19	112.290000	0.893651
0	20	18	112.290000	0.879365
0	21	16	112.290000	0.811905
0	21	17	114.060000	0.826190
0	21	18	112.290000	0.840476
0	21	17	115.880000	0.826190
0	20	16	114.060000	0.850794
0	20	17	115.880000	0.865079
0	20	18	114.060000	0.879365
0	20	16	114.060000	0.850794
0	20	17	114.060000	0.865079
0	20	18	114.060000	0.879365
0	20	19	115.880000	0.893651
0	20	13	119.680000	0.807936
0	20	18	115.880000	0.879365
0	20	14	119.680000	0.825000
0	20	14	119.680000	0.825000
0	20	16	115.880000	0.850794
0	20	18	115.880000	0.879365
0	20	14	121.660000	0.825000
0	20	13	121.660000	0.807936
0	20	18	117.750000	0.879365
0	19	14	121.660000	0.868750
0	19	14	119.680000	0.868750
0	19	18	117.750000	0.918254
0	19	15	121.660000	0.875397
0	19	13	123.700000	0.847321
0	19	14	123.700000	0.868750
0	19	15	123.700000	0.865657
0	19	15	123.700000	0.865657
0	19	14	123.700000	0.868750
0	19	13	123.700000	0.847321
0	19	12	123.700000	0.825893
0	19	14	123.700000	0.868750
0	19	13	125.790000	0.847321
0	19	18	121.660000	0.918254
0	20	13	127.950000	0.803571
0	20	13	125.790000	0.803571
0	19	12	125.790000	0.825893
0	19	12	125.790000	0.825893
0	19	12	125.790000	0.825893
0	19	18	123.700000	0.906566
0	19	13	127.950000	0.847321
0	19	14	127.950000	0.868750
0	19	14	127.950000	0.868750
0	19	18	125.790000	0.906566
0	19	14	127.950000	0.868750
0	19	14	127.950000	0.868750
0	19	15	130.180000	0.865657
0	19	16	127.950000	0.879293
0	19	18	127.950000	0.906566
0	19	13	130.180000	0.847321
0	19	17	127.950000	0.892929
0	19	13	132.480000	0.847321
0	19	18	127.950000	0.906566
0	19	13	132.480000	0.847321
0	19	17	130.180000	0.892929
0	18	14	132.480000	0.912500
0	18	14	132.480000	0.912500
0	18	12	132.480000	0.869643
0	18	12	134.840000	0.869643
0	18	13	134.840000	0.891071
0	18	15	134.840000	0.904545
0	18	13	137.280000	0.891071
0	18	13	137.280000	0.891071
0	18	13	137.280000	0.891071
0	18	12	137.280000	0.869643
0	18	11	137.280000	0.850000
0	18	12	137.280000	0.869643
0	18	12	137.280000	0.869643
0	19	12	137.280000	0.825893
0	19	13	139.800000	0.847321
0	19	13	139.800000	0.847321
0	18	12	137.280000	0.869643
0	18	12	137.280000	0.869643
0	18	13	139.800000	0.891071
0	18	12	139.800000	0.869643
0	17	16	134.840000	0.913393
0	17	13	139.800000	0.934821
0	18	15	139.800000	0.904545
0	18	15	139.800000	0.904545
0	18	16	134.840000	0.918182
0	17	13	139.800000	0.934821
0	17	12	139.800000	0.913393
0	17	12	139.800000	0.913393
0	17	12	142.410000	0.913393
0	18	12	142.410000	0.869643
0	18	12	142.410000	0.869643
0	18	12	142.410000	0.869643
0	17	12	142.410000	0.913393
0	17	11	145.100000	0.891964
0	17	12	145.100000	0.913393
0	17	12	145.100000	0.913393
0	17	11	145.100000	0.891964
0	18	14	142.410000	0.912500
0	18	15	145.100000	0.904545
0	18	17	142.410000	0.931818
0	18	14	142.410000	0.912500
0	17	12	147.880000	0.913393
0	18	13	145.100000	0.891071
0	17	13	145.100000	0.934821
0	17	16	142.410000	0.913393
0	17	13	145.100000	0.934821
0	17	16	142.410000	0.913393
0	17	13	147.880000	0.934821
0	17	14	147.880000	0.956250
0	18	16	145.100000	0.918182
0	17	12	147.880000	0.913393
0	17	13	150.750000	0.934821
0	16	12	147.880000	0.957143
0	16	12	147.880000	0.957143
0	16	13	150.750000	0.978571
0	17	14	150.750000	0.956250
0	16	13	150.750000	0.978571
0	17	13	150.750000	0.934821
0	16	13	153.730000	0.978571
0	17	13	150.750000	0.934821
0	18	22	163.330000	0.882500
0	22	25	170.350000	0.556667
0	22	26	166.770000	0.626974
2	46	25	170.340000	0.183333
2	46	25	170.340000	0.183333
2	46	25	170.340000	0.183333
2	47	25	170.340000	0.183333
2	47	25	170.340000	0.183333
2	48	27	166.770000	0.173684
2	48	24	170.340000	0.200000
2	48	25	170.340000	0.183333
2	23	23	174.060000	0.444118
2	48	24	170.340000	0.200000
2	47	23	174.060000	0.194118
2	27	23	174.060000	0.244118
0	16	13	160.010000	0.931905
0	16	13	160.010000	0.931905
0	16	14	160.010000	0.953333
2	43	25	142.400000	0.259091
0	17	14	153.730000	0.956250
0	15	12	160.010000	0.957143
0	17	15	156.820000	0.914286
0	17	14	153.730000	0.956250
0	15	14	156.820000	1.000000
0	11	11	163.330000	0.920000
0	16	10	163.330000	0.884103
0	15	10	163.330000	0.930769
0	16	10	163.330000	0.884103
0	15	11	166.770000	0.903846
0	17	16	156.820000	0.928571
0	17	15	156.820000	0.914286
0	15	10	166.770000	0.880769
0	10	9	166.770000	0.892857
0	16	16	156.820000	0.910476
0	11	15	156.820000	0.981250
0	11	15	156.820000	0.981250
0	15	14	160.010000	1.000000
0	15	10	170.350000	0.880769
0	12	10	170.350000	0.830769
0	9	9	170.350000	0.907692
0	13	10	170.350000	0.880769
0	9	9	170.350000	0.907692
0	13	10	170.350000	0.880769
0	9	9	170.350000	0.907692
0	15	15	163.330000	0.953846
0	15	13	166.770000	0.950000
0	14	14	163.330000	0.930256
0	14	14	163.330000	0.930256
0	15	9	174.060000	0.817308
2	10	9	63.790000	0.419657
0	9	9	174.060000	0.925000
2	9	9	63.790000	0.444857
0	14	16	163.330000	0.884103
0	16	13	65.210000	0.580769
0	14	15	163.330000	0.907179
2	9	9	63.790000	0.444857
0	16	13	65.210000	0.580769
0	14	16	163.330000	0.884103
2	9	9	63.790000	0.444857
2	11	11	63.790000	0.543714
0	14	15	163.330000	0.907179
2	16	16	65.930000	0.723810
0	12	15	163.330000	0.936364
2	11	10	63.790000	0.468831
2	16	15	65.930000	0.651228
0	9	9	177.920000	0.857955
2	12	10	63.790000	0.447619
0	42	22	65.920000	0.580325
0	13	9	177.920000	0.887121
2	9	9	156.820000	0.826786
0	9	9	177.920000	0.857955
0	12	15	166.770000	0.853846
0	12	15	166.770000	0.853846
0	12	16	166.770000	0.830769
2	9	9	156.820000	0.826786
0	13	10	177.920000	0.914394
0	14	10	177.920000	0.856061
0	9	9	177.920000	0.857955
0	10	10	177.920000	0.856061
0	11	9	181.940000	0.970000
0	9	9	181.940000	0.842727
0	13	15	170.340000	0.903846
0	9	9	181.940000	0.842727
0	12	10	181.940000	0.936364
0	9	9	181.940000	0.842727
0	13	15	174.060000	0.925000
0	11	14	170.340000	0.826923
0	12	14	170.340000	0.876923
0	11	10	181.940000	1.000000
0	13	14	174.060000	0.950000
0	11	10	181.940000	1.000000
0	9	9	186.130000	1.000000
0	9	9	186.130000	1.000000
0	9	9	186.130000	1.000000
0	9	9	186.130000	1.000000
0	10	9	190.500000	0.787500
0	9	9	190.500000	0.875000
2	9	9	195.050000	0.290000
0	9	9	190.500000	0.875000
2	10	9	195.050000	0.150000
2	12	9	199.810000	0.000000
2	9	9	199.810000	0.000000
2	9	10	195.050000	0.240000
2	11	9	199.810000	0.000000
