scale factor 	0.500000
class 	 Width 	 Height 	 realDistance 	 Probability
1	25	48	26.070000	1.000000
1	24	46	26.070000	1.000000
1	24	45	25.870000	1.000000
1	24	47	26.070000	1.000000
1	25	47	26.070000	1.000000
1	26	45	25.870000	1.000000
1	27	47	25.870000	1.000000
1	28	47	25.870000	1.000000
1	27	45	25.670000	1.000000
1	29	46	25.670000	1.000000
1	28	46	25.470000	1.000000
1	28	46	25.470000	1.000000
1	29	46	25.470000	1.000000
1	29	47	25.670000	1.000000
1	29	47	25.470000	1.000000
1	29	46	25.270000	1.000000
1	30	48	25.470000	1.000000
1	30	48	25.470000	1.000000
1	31	47	25.470000	1.000000
1	31	48	25.470000	1.000000
2	32	47	25.270000	0.960075
2	32	47	25.270000	0.960075
2	33	47	25.270000	0.910635
2	34	47	25.270000	0.864104
2	34	47	25.270000	0.864104
2	34	47	25.270000	0.864104
2	34	48	25.070000	0.855780
2	34	47	25.070000	0.864104
2	35	47	25.070000	0.820232
2	35	45	24.870000	0.862782
2	35	46	24.870000	0.857744
2	35	48	24.870000	0.844511
2	35	47	24.870000	0.851654
2	36	47	24.870000	0.809346
2	37	49	24.870000	0.753272
2	33	48	24.870000	0.937252
2	34	49	24.870000	0.881501
2	9	9	23.560000	0.294361
2	33	48	24.680000	0.937252
2	34	49	24.680000	0.881501
2	9	10	27.340000	0.360210
1	23	47	24.680000	1.000000
2	33	46	24.300000	0.949556
2	9	9	27.340000	0.305270
1	23	46	24.300000	1.000000
2	9	9	27.340000	0.305270
1	24	48	24.300000	1.000000
1	23	45	24.110000	1.000000
1	23	45	24.110000	1.000000
1	23	46	24.110000	1.000000
1	23	45	24.110000	1.000000
1	23	44	23.920000	1.000000
1	24	45	23.920000	1.000000
1	22	45	23.920000	1.000000
1	24	49	24.300000	1.000000
1	23	47	24.110000	1.000000
1	23	46	23.920000	1.000000
1	23	47	24.110000	1.000000
1	23	49	24.300000	1.000000
1	23	46	23.740000	1.000000
1	22	50	24.110000	1.000000
1	22	46	23.740000	1.000000
1	23	49	24.110000	1.000000
1	21	45	23.740000	1.000000
1	22	45	23.740000	1.000000
1	22	45	23.740000	1.000000
1	21	46	23.550000	1.000000
1	22	48	23.740000	1.000000
1	22	48	23.740000	1.000000
1	21	47	23.740000	1.000000
1	23	49	23.920000	1.000000
1	22	48	23.740000	1.000000
1	22	47	23.740000	1.000000
1	22	48	23.740000	1.000000
1	23	49	23.920000	1.000000
1	23	49	23.740000	1.000000
1	24	49	23.920000	1.000000
1	25	48	23.740000	1.000000
1	25	48	23.740000	1.000000
1	25	48	23.740000	1.000000
1	25	48	23.740000	1.000000
1	24	48	23.740000	1.000000
1	24	47	23.740000	1.000000
1	24	48	23.740000	1.000000
1	24	48	23.740000	1.000000
1	24	49	23.920000	1.000000
1	23	49	23.920000	1.000000
1	23	48	23.740000	1.000000
1	23	49	23.920000	1.000000
1	21	48	23.740000	1.000000
1	21	49	23.920000	1.000000
1	21	49	23.920000	1.000000
1	21	48	23.740000	1.000000
1	21	49	23.920000	1.000000
1	22	49	23.920000	1.000000
2	9	9	5.500000	0.240803
1	24	49	23.920000	1.000000
2	11	10	5.500000	0.253725
1	26	49	23.930000	1.000000
1	26	48	23.740000	1.000000
2	10	9	27.310000	0.288243
1	27	49	23.930000	1.000000
1	26	49	23.930000	1.000000
1	26	49	23.930000	1.000000
1	26	49	23.930000	1.000000
1	26	49	23.930000	1.000000
2	12	11	32.360000	0.375351
1	24	50	23.930000	1.000000
2	12	10	32.360000	0.324561
2	12	10	36.710000	0.343434
1	23	49	23.930000	1.000000
1	23	49	24.110000	1.000000
1	22	49	24.110000	1.000000
1	21	49	24.110000	1.000000
1	22	49	24.110000	1.000000
1	23	50	24.110000	1.000000
1	24	50	24.110000	1.000000
1	25	49	24.110000	1.000000
1	25	50	24.110000	1.000000
2	9	9	15.530000	0.271050
1	25	50	24.110000	1.000000
1	26	49	24.110000	1.000000
1	27	49	24.110000	1.000000
1	28	49	24.110000	1.000000
1	29	51	24.110000	1.000000
1	31	51	24.300000	1.000000
1	30	50	24.110000	1.000000
1	26	48	24.300000	1.000000
1	26	47	24.490000	1.000000
1	24	45	24.300000	1.000000
1	23	46	24.300000	1.000000
1	23	47	24.490000	1.000000
2	9	9	130.180000	0.825000
1	21	46	24.490000	1.000000
2	9	9	130.180000	0.825000
1	23	48	24.680000	1.000000
1	21	46	24.490000	1.000000
1	22	46	24.490000	1.000000
1	19	46	24.490000	1.000000
1	19	47	24.880000	1.000000
1	20	45	24.690000	1.000000
1	20	45	24.690000	1.000000
1	25	45	24.690000	1.000000
1	25	45	24.690000	1.000000
1	25	44	24.690000	1.000000
1	25	45	24.880000	1.000000
1	21	45	24.880000	1.000000
1	21	44	24.880000	1.000000
1	20	45	25.070000	1.000000
1	20	44	25.070000	1.000000
1	19	44	25.070000	1.000000
1	19	45	25.270000	1.000000
1	18	44	25.070000	1.000000
1	19	44	25.070000	1.000000
2	17	44	25.270000	1.000000
2	17	44	25.270000	1.000000
2	17	44	25.270000	1.000000
2	17	43	25.470000	1.000000
2	17	43	25.470000	1.000000
1	18	43	25.470000	1.000000
2	17	43	25.470000	1.000000
1	18	43	25.470000	1.000000
1	19	44	25.470000	1.000000
1	19	43	25.470000	1.000000
1	19	43	25.670000	1.000000
1	20	43	25.670000	1.000000
1	19	43	25.670000	1.000000
1	19	42	25.670000	1.000000
1	19	43	25.870000	1.000000
1	19	42	25.870000	1.000000
1	20	42	25.870000	1.000000
1	20	42	25.870000	1.000000
1	19	42	25.870000	1.000000
1	20	44	25.670000	1.000000
1	20	43	25.870000	1.000000
1	19	43	26.080000	1.000000
1	20	42	25.870000	1.000000
1	20	44	26.080000	1.000000
1	20	44	26.080000	1.000000
1	21	44	26.080000	1.000000
1	21	42	26.080000	1.000000
1	21	45	26.280000	1.000000
1	20	44	26.080000	1.000000
1	19	45	26.280000	1.000000
1	20	44	26.080000	1.000000
1	19	43	26.280000	1.000000
1	21	45	26.280000	1.000000
1	21	44	26.280000	1.000000
1	22	45	26.490000	1.000000
1	21	44	26.280000	1.000000
1	20	45	26.490000	1.000000
1	19	44	26.280000	1.000000
1	18	45	26.490000	1.000000
1	18	44	26.490000	1.000000
2	17	43	26.700000	1.000000
1	17	42	26.280000	1.000000
1	17	41	26.490000	1.000000
1	22	43	26.700000	1.000000
1	22	42	26.700000	1.000000
1	22	43	26.700000	1.000000
1	23	42	26.490000	1.000000
1	22	43	26.700000	1.000000
1	22	41	26.700000	1.000000
1	23	43	26.700000	1.000000
1	21	41	26.910000	1.000000
1	21	41	26.700000	1.000000
1	21	42	26.700000	1.000000
1	20	42	26.700000	1.000000
1	21	43	26.700000	1.000000
1	20	44	26.490000	1.000000
1	19	45	26.700000	1.000000
1	18	44	26.490000	1.000000
1	18	44	26.700000	1.000000
1	18	44	26.490000	1.000000
1	18	45	26.690000	1.000000
1	20	43	26.480000	1.000000
1	21	45	26.690000	1.000000
1	21	44	26.480000	1.000000
1	22	44	26.480000	1.000000
1	22	44	26.480000	1.000000
1	23	44	26.480000	1.000000
1	23	44	26.480000	1.000000
1	23	44	26.480000	1.000000
1	23	43	26.480000	1.000000
1	24	44	26.480000	1.000000
1	23	44	26.480000	1.000000
1	22	44	26.480000	1.000000
1	22	44	26.480000	1.000000
1	21	45	26.480000	1.000000
1	20	46	26.480000	1.000000
1	18	45	26.480000	1.000000
1	18	45	26.480000	1.000000
2	17	45	26.480000	1.000000
1	18	45	26.480000	1.000000
1	19	44	26.270000	1.000000
1	20	45	26.480000	1.000000
1	22	45	26.480000	1.000000
1	22	44	26.270000	1.000000
1	22	44	26.270000	1.000000
1	23	44	26.270000	1.000000
1	23	45	26.480000	1.000000
1	24	45	26.270000	1.000000
1	23	45	26.270000	1.000000
1	23	45	26.270000	1.000000
1	22	46	26.270000	1.000000
1	21	45	26.270000	1.000000
1	21	46	26.270000	1.000000
1	20	46	26.270000	1.000000
1	20	46	26.270000	1.000000
1	19	46	26.270000	1.000000
1	20	45	26.270000	1.000000
1	19	46	26.270000	1.000000
1	21	45	26.270000	1.000000
1	21	45	26.270000	1.000000
1	23	44	26.070000	1.000000
1	23	45	26.270000	1.000000
1	23	46	26.070000	1.000000
1	23	45	26.270000	1.000000
1	23	45	26.270000	1.000000
1	23	44	26.070000	1.000000
1	23	44	26.070000	1.000000
1	22	44	26.070000	1.000000
1	21	45	26.270000	1.000000
1	23	45	26.270000	1.000000
1	21	45	26.270000	1.000000
1	20	44	26.060000	1.000000
1	19	46	26.060000	1.000000
1	19	46	26.060000	1.000000
1	20	45	25.860000	1.000000
1	20	47	26.060000	1.000000
1	20	46	25.860000	1.000000
1	21	44	25.660000	1.000000
1	22	45	25.860000	1.000000
1	22	45	25.860000	1.000000
1	22	46	25.860000	1.000000
1	21	46	25.860000	1.000000
1	20	45	25.860000	1.000000
1	22	45	25.860000	1.000000
1	20	46	25.660000	1.000000
1	19	45	25.660000	1.000000
1	19	46	25.660000	1.000000
1	19	43	25.460000	1.000000
1	20	46	25.660000	1.000000
1	20	44	25.460000	1.000000
2	18	46	25.660000	1.000000
2	18	46	25.660000	1.000000
1	19	44	25.460000	1.000000
1	19	44	25.460000	1.000000
1	19	44	25.460000	1.000000
1	21	44	25.460000	1.000000
1	21	45	25.660000	1.000000
1	20	44	25.460000	1.000000
1	20	43	25.460000	1.000000
1	20	43	25.460000	1.000000
1	19	44	25.460000	1.000000
1	19	43	25.460000	1.000000
1	18	43	25.460000	1.000000
1	18	43	25.460000	1.000000
1	18	43	25.460000	1.000000
1	18	44	25.260000	1.000000
1	22	46	25.450000	1.000000
1	19	44	25.260000	1.000000
1	19	44	25.260000	1.000000
1	19	46	25.460000	1.000000
1	21	45	25.450000	1.000000
1	23	44	25.260000	1.000000
1	23	45	25.450000	1.000000
1	23	45	25.450000	1.000000
1	25	44	25.260000	1.000000
2	26	37	26.060000	1.000000
2	25	37	26.060000	1.000000
1	24	36	25.860000	1.000000
1	25	38	25.660000	1.000000
1	25	40	25.660000	1.000000
2	25	36	25.660000	1.000000
2	26	38	25.450000	1.000000
1	24	39	25.660000	1.000000
2	25	37	25.660000	1.000000
1	25	38	25.660000	1.000000
1	25	38	25.660000	1.000000
1	24	38	25.660000	1.000000
1	24	38	25.660000	1.000000
1	25	38	25.660000	1.000000
2	26	38	25.660000	1.000000
2	26	38	25.660000	1.000000
2	27	38	25.660000	1.000000
2	27	39	25.860000	1.000000
2	27	38	25.660000	1.000000
2	27	38	25.660000	1.000000
2	27	38	25.660000	1.000000
2	28	38	25.660000	1.000000
2	28	38	25.660000	1.000000
2	28	38	25.660000	1.000000
2	28	38	25.660000	1.000000
2	28	39	25.860000	1.000000
2	28	38	25.660000	1.000000
2	28	38	25.660000	1.000000
2	28	40	25.860000	1.000000
2	28	38	25.660000	1.000000
1	28	42	25.860000	1.000000
1	28	42	25.860000	1.000000
2	27	40	26.060000	1.000000
1	26	41	26.270000	1.000000
1	25	41	26.270000	1.000000
1	25	39	26.270000	1.000000
1	23	39	26.480000	1.000000
1	24	39	26.480000	1.000000
1	24	37	26.270000	1.000000
1	22	36	26.270000	1.000000
1	22	35	26.480000	1.000000
1	21	37	26.270000	1.000000
1	21	38	26.060000	1.000000
1	21	38	26.060000	1.000000
1	21	36	26.270000	1.000000
2	10	11	24.100000	0.380038
2	22	26	27.990000	0.916566
2	12	11	24.100000	0.342888
2	22	25	27.990000	0.859217
2	10	11	24.100000	0.380038
2	22	25	27.990000	0.859217
1	22	37	26.680000	1.000000
1	22	36	26.470000	1.000000
1	20	35	26.470000	1.000000
2	10	10	24.100000	0.327068
2	21	24	27.760000	0.859048
1	21	35	26.470000	1.000000
1	21	34	26.470000	1.000000
1	20	34	26.270000	1.000000
1	22	33	26.470000	1.000000
2	9	9	24.100000	0.294361
2	21	22	27.330000	0.734608
2	9	9	24.100000	0.294361
2	22	21	27.330000	0.636966
2	9	9	24.100000	0.294361
2	20	20	27.330000	0.678378
2	10	13	23.730000	0.497030
2	21	19	27.330000	0.583082
2	11	13	23.910000	0.468729
1	11	19	25.260000	0.892313
2	9	13	26.480000	0.550255
2	9	9	28.210000	0.310000
2	13	19	26.690000	0.810364
2	15	22	26.690000	0.940450
2	16	23	26.690000	0.970507
1	15	24	26.480000	1.000000
1	16	24	26.470000	1.000000
1	15	24	26.470000	1.000000
2	10	9	28.660000	0.292500
2	10	9	28.660000	0.292500
0	69	54	25.450000	0.880282
0	77	56	25.650000	0.850845
0	54	54	25.450000	0.893803
0	47	57	25.850000	0.838670
0	47	57	25.850000	0.838670
0	47	57	25.850000	0.838670
0	49	58	25.850000	0.867570
0	47	58	25.850000	0.843432
0	47	57	26.060000	0.838670
0	48	58	26.060000	0.855501
0	48	58	26.060000	0.855501
0	48	59	26.260000	0.860263
0	49	59	26.260000	0.872332
0	48	59	26.260000	0.860263
0	49	59	26.470000	0.876863
0	47	59	26.470000	0.852725
0	48	58	26.470000	0.859955
0	48	59	26.680000	0.874958
0	48	58	26.680000	0.870119
0	47	59	26.890000	0.862677
0	47	57	26.890000	0.852999
0	49	57	27.100000	0.882082
0	48	58	27.100000	0.874720
0	49	57	27.320000	0.882082
0	49	57	27.540000	0.892828
0	48	57	27.540000	0.880328
0	49	58	27.540000	0.897746
0	47	57	27.760000	0.867828
0	65	58	27.760000	0.895092
2	175	59	27.770000	0.290164
2	235	60	27.760000	0.295082
2	239	59	27.760000	0.290164
2	241	70	26.900000	0.269231
2	243	59	27.760000	0.290164
2	244	89	25.260000	0.289535
2	243	61	27.760000	0.300000
2	244	90	25.260000	0.286047
2	243	61	27.980000	0.295000
2	181	64	28.220000	0.280000
0	55	58	28.660000	0.994915
0	46	60	28.890000	0.880370
0	47	59	29.120000	0.909259
0	47	60	29.120000	0.904175
0	47	60	29.120000	0.904175
0	47	60	29.360000	0.898914
0	47	59	29.360000	0.904087
0	47	61	29.590000	0.893742
0	46	60	29.590000	0.885951
0	47	61	29.830000	0.893742
0	44	60	29.590000	0.860026
0	46	61	30.070000	0.892030
0	43	61	30.070000	0.852407
0	46	60	30.070000	0.897202
0	44	61	30.320000	0.860079
0	45	56	30.820000	0.889076
0	44	57	31.070000	0.886951
0	44	57	31.070000	0.886951
0	43	58	31.070000	0.868132
0	45	58	31.070000	0.895055
0	46	55	31.840000	0.931373
0	44	56	31.840000	0.898467
0	44	55	32.100000	0.903922
0	44	56	32.100000	0.898467
0	42	55	32.100000	0.876471
0	44	56	32.100000	0.898467
0	42	56	32.370000	0.871016
0	43	57	32.640000	0.873529
0	42	56	32.630000	0.865359
0	43	57	32.910000	0.885333
2	9	9	24.470000	0.294361
0	40	56	32.640000	0.837909
0	43	57	32.910000	0.885333
0	41	52	33.460000	0.868340
0	43	53	33.740000	0.914286
0	40	53	33.740000	0.871429
0	41	54	33.740000	0.880054
0	41	54	33.740000	0.880054
0	43	55	34.020000	0.902965
0	43	56	34.020000	0.897305
0	43	53	34.590000	0.908516
0	41	41	36.390000	0.856638
0	41	42	36.390000	0.862638
0	40	41	36.710000	0.854696
0	42	42	36.710000	0.891130
0	41	41	37.020000	0.874933
0	42	40	37.020000	0.884028
0	40	40	37.340000	0.853594
0	42	41	37.660000	0.909583
0	41	41	37.660000	0.894028
0	41	41	37.990000	0.894028
0	40	40	37.990000	0.872222
0	41	40	38.320000	0.887778
0	40	40	38.320000	0.872222
0	40	41	38.650000	0.883924
0	39	40	38.650000	0.861986
0	41	40	38.990000	0.907592
0	41	39	39.330000	0.901209
0	41	40	39.330000	0.907592
0	38	39	39.680000	0.858893
0	40	40	39.680000	0.897233
0	40	39	40.030000	0.905511
0	40	39	40.390000	0.905511
0	38	39	40.390000	0.872952
0	40	39	40.740000	0.911163
0	38	38	40.740000	0.871938
0	38	39	41.110000	0.893333
0	40	38	41.110000	0.920000
0	39	38	41.480000	0.909091
0	40	38	41.480000	0.925758
0	37	38	41.850000	0.875758
0	39	39	42.230000	0.931763
0	39	38	42.230000	0.924945
0	39	37	42.610000	0.923993
0	38	38	42.610000	0.913897
0	39	37	42.990000	0.923993
0	38	37	43.380000	0.923140
0	39	38	43.380000	0.947616
0	38	37	43.780000	0.929286
0	38	36	43.780000	0.922143
0	38	36	44.180000	0.922143
0	38	37	44.590000	0.952783
0	37	37	45.420000	0.934834
0	38	35	45.000000	0.938149
0	35	34	45.000000	0.876986
0	37	34	45.000000	0.912883
0	37	36	45.840000	0.951579
0	36	32	45.420000	0.880300
0	34	32	45.420000	0.844403
0	36	34	46.270000	0.918158
0	34	36	46.700000	0.903239
0	36	35	47.140000	0.950312
0	35	35	47.590000	0.931393
0	36	33	47.140000	0.934927
0	36	35	48.040000	0.957397
0	33	31	47.590000	0.862786
0	35	35	48.500000	0.956871
0	35	32	47.590000	0.908316
0	36	33	48.500000	0.960526
0	34	31	48.500000	0.905848
0	34	33	48.960000	0.928679
0	33	31	48.960000	0.893018
0	34	34	49.910000	0.955676
0	34	31	49.430000	0.912462
0	35	32	49.910000	0.959459
0	35	31	49.910000	0.951351
0	35	31	50.400000	0.958333
0	34	30	50.400000	0.930000
0	33	30	50.400000	0.910000
0	35	33	51.890000	0.962269
2	9	9	24.280000	0.294361
0	34	30	50.890000	0.950000
2	9	9	24.280000	0.294361
2	11	10	24.290000	0.310321
0	34	33	52.400000	0.961645
2	10	10	24.470000	0.327068
0	32	28	51.380000	0.898823
0	34	33	52.920000	0.969964
0	33	29	52.400000	0.948571
2	9	9	24.290000	0.294361
0	35	33	53.450000	0.948752
2	11	9	24.280000	0.264217
2	17	10	24.470000	0.251216
0	33	28	52.400000	0.940000
2	37	12	24.290000	0.487051
0	35	33	53.990000	0.934375
2	9	10	24.290000	0.347536
2	9	9	24.860000	0.294361
0	31	29	53.450000	0.913458
0	33	30	53.450000	0.964706
0	33	28	53.450000	0.947059
0	32	29	54.530000	0.963636
0	31	29	54.530000	0.941761
0	32	29	55.080000	0.963636
0	31	29	55.080000	0.941761
0	32	28	55.080000	0.954545
0	31	29	56.210000	0.971875
0	31	29	56.210000	0.971875
0	32	29	56.790000	0.958064
0	31	27	56.790000	0.961290
0	32	28	56.790000	0.948387
0	31	29	57.370000	0.957312
0	30	30	57.370000	0.990323
0	31	29	57.970000	0.966667
0	30	28	57.970000	0.980000
0	30	29	58.570000	0.990000
0	30	27	58.570000	0.970000
0	31	29	59.190000	0.941724
0	30	27	59.190000	0.945862
0	31	28	59.810000	0.941379
0	28	27	59.810000	0.955172
0	31	30	61.090000	0.950000
0	29	27	61.090000	0.964286
0	29	27	61.090000	0.964286
0	29	27	61.750000	0.964286
0	30	26	61.750000	0.928571
0	27	26	61.750000	0.953571
0	30	30	63.090000	0.933005
0	28	26	62.410000	0.978571
0	30	27	63.090000	0.922222
0	29	26	63.090000	0.937037
0	30	27	63.780000	0.922222
0	28	25	63.780000	0.951852
0	30	26	64.480000	0.922857
0	28	25	64.480000	0.962536
0	29	29	65.920000	0.955882
0	28	25	65.190000	0.934615
0	29	27	65.920000	0.938235
0	29	25	65.920000	0.920588
0	29	27	66.650000	0.945455
0	27	26	66.650000	0.961077
0	28	25	66.650000	0.946154
0	28	25	67.400000	0.916000
0	28	25	67.400000	0.916000
0	27	26	68.170000	0.951613
0	27	23	68.170000	0.931500
0	29	28	69.740000	0.910648
2	37	15	24.100000	0.492772
0	26	22	68.940000	0.947000
0	83	15	24.280000	0.658326
0	28	28	69.740000	0.936574
0	26	18	68.170000	0.897000
0	28	35	73.920000	0.853931
0	26	18	68.940000	0.897000
0	28	34	73.920000	0.864276
0	75	16	24.100000	0.738653
0	26	18	68.940000	0.897000
0	47	14	24.100000	0.602981
0	28	27	72.200000	0.916154
2	21	11	24.480000	0.295769
0	26	18	69.740000	0.880000
0	28	27	73.050000	0.916154
0	25	18	70.540000	0.905616
0	28	26	73.050000	0.906154
0	26	20	71.360000	0.902536
0	27	25	73.050000	0.923077
0	25	22	73.050000	0.939130
0	27	24	73.050000	0.913077
0	27	23	73.920000	0.881931
0	26	23	73.920000	0.909931
0	26	24	74.800000	0.920276
0	27	24	74.800000	0.892276
0	25	23	74.800000	0.937931
0	26	23	75.700000	0.909931
0	26	23	76.620000	0.888095
0	26	25	77.550000	0.909524
0	26	25	77.550000	0.909524
0	24	22	76.620000	0.935714
0	27	24	77.550000	0.869643
2	35	13	24.100000	0.460730
0	24	20	76.620000	0.922078
0	25	26	78.510000	0.959722
0	24	21	78.510000	0.933333
0	25	25	79.480000	0.916908
0	24	20	77.550000	0.914286
0	26	24	79.480000	0.875362
0	24	21	79.480000	0.902899
0	26	25	80.480000	0.886473
0	24	20	79.480000	0.900000
0	26	25	81.490000	0.897157
0	24	19	80.480000	0.900000
0	26	24	81.490000	0.885619
0	24	20	80.480000	0.891787
0	26	25	82.520000	0.861189
0	24	19	81.490000	0.888796
0	25	24	82.530000	0.881469
0	24	18	81.490000	0.877258
0	25	25	83.580000	0.893007
2	9	9	86.900000	0.556579
0	24	19	82.520000	0.860000
0	24	24	83.580000	0.913287
0	24	18	82.520000	0.844211
0	24	23	84.660000	0.912364
0	23	19	83.580000	0.887413
0	24	24	84.660000	0.924364
0	23	19	84.660000	0.896182
0	25	24	85.760000	0.854667
0	23	20	84.660000	0.908182
0	23	22	85.760000	0.897333
0	23	21	85.760000	0.885333
0	23	23	86.890000	0.909333
0	23	19	86.890000	0.861333
0	24	23	88.040000	0.887500
0	23	19	86.890000	0.861333
0	24	24	88.040000	0.900000
0	23	20	86.890000	0.873333
0	24	23	89.210000	0.887500
0	23	21	89.210000	0.895833
0	24	20	88.040000	0.850000
0	23	20	88.040000	0.883333
0	23	20	89.210000	0.883333
0	23	22	90.410000	0.870000
0	23	20	89.210000	0.883333
0	23	22	90.410000	0.870000
0	23	19	90.410000	0.832500
0	23	23	91.640000	0.882500
0	21	17	91.640000	0.877500
0	22	22	91.640000	0.905000
0	21	17	91.640000	0.877500
0	24	23	92.900000	0.860000
0	22	18	91.640000	0.855000
0	23	22	92.900000	0.881957
0	21	19	92.900000	0.912826
0	23	22	94.180000	0.881957
0	20	15	92.900000	0.903472
0	23	22	94.180000	0.881957
0	20	16	92.900000	0.922222
0	22	22	95.500000	0.876430
0	20	18	94.180000	0.934783
0	21	22	95.500000	0.913272
0	21	20	95.500000	0.887185
0	20	21	96.840000	0.937071
0	21	19	95.500000	0.874142
0	22	22	96.840000	0.876430
0	23	22	96.840000	0.839588
0	21	21	98.220000	0.912679
0	22	21	99.630000	0.875837
0	22	18	96.840000	0.824256
0	22	21	99.630000	0.875837
0	21	18	101.080000	0.871770
0	21	20	99.630000	0.899043
0	21	22	99.630000	0.926316
0	20	16	98.220000	0.881340
0	22	21	101.080000	0.875837
0	20	14	99.630000	0.856471
0	20	21	101.080000	0.949522
0	20	21	101.080000	0.949522
0	21	23	101.080000	0.912679
0	21	22	99.630000	0.926316
0	20	23	101.080000	0.949522
0	20	21	99.630000	0.949522
0	21	24	101.080000	0.899043
0	20	24	101.080000	0.935885
0	21	25	101.080000	0.885407
0	20	24	99.630000	0.935885
0	20	25	101.080000	0.922249
0	21	23	101.080000	0.912679
0	21	25	102.560000	0.885407
0	21	25	102.560000	0.885407
0	21	25	102.560000	0.885407
0	21	25	102.560000	0.885407
0	21	24	102.560000	0.899043
0	20	22	101.080000	0.963158
0	21	25	104.080000	0.842424
0	20	23	104.080000	0.908586
0	21	24	104.080000	0.856061
0	20	24	104.080000	0.894949
0	19	24	104.080000	0.933838
0	19	25	105.630000	0.920202
0	19	25	105.630000	0.920202
0	19	22	107.230000	0.961111
0	20	21	108.870000	0.908586
0	19	21	108.870000	0.947475
0	19	21	108.870000	0.947475
0	19	20	108.870000	0.933838
0	18	18	112.280000	0.957143
0	19	17	112.280000	0.903968
0	19	17	114.050000	0.903968
0	19	19	112.280000	0.932540
0	18	16	110.550000	0.918182
0	18	19	112.280000	0.971429
0	17	17	114.050000	0.903968
0	19	20	112.280000	0.946825
0	18	17	115.870000	0.942857
0	18	19	114.050000	0.971429
0	17	16	115.870000	0.913393
0	18	20	114.050000	0.985714
0	17	13	114.050000	0.934821
0	18	20	114.050000	0.985714
0	17	13	112.280000	0.934821
0	18	19	115.870000	0.971429
0	17	13	114.050000	0.934821
0	17	16	117.750000	0.913393
0	17	15	117.750000	0.934821
0	17	20	115.870000	0.946825
0	17	15	119.670000	0.934821
0	17	15	119.670000	0.934821
0	17	15	121.650000	0.934821
0	19	19	117.750000	0.932540
0	17	14	119.670000	0.956250
0	18	19	119.670000	0.971429
0	16	11	117.750000	0.935714
0	18	18	119.670000	0.957143
0	16	11	119.670000	0.935714
0	18	16	121.650000	0.928571
0	16	12	117.750000	0.957143
0	17	18	119.670000	0.918254
0	16	11	119.670000	0.935714
0	17	16	123.690000	0.913393
0	16	11	119.670000	0.935714
0	17	16	123.690000	0.913393
0	16	12	119.670000	0.957143
0	17	15	125.790000	0.934821
0	16	13	123.690000	0.978571
0	16	17	125.790000	0.935714
0	16	12	121.650000	0.957143
0	17	15	127.950000	0.934821
0	16	14	125.790000	1.000000
0	17	14	125.790000	0.956250
0	16	15	127.950000	0.978571
0	16	15	127.950000	0.978571
0	17	15	127.950000	0.934821
0	16	14	125.790000	1.000000
0	16	16	127.950000	0.957143
0	16	15	127.950000	0.978571
0	15	17	125.790000	0.891964
0	16	15	127.950000	0.978571
0	16	16	127.950000	0.957143
0	16	12	125.790000	0.957143
0	17	17	127.950000	0.892929
0	15	10	125.790000	0.870536
0	17	15	132.470000	0.934821
0	15	11	127.950000	0.891964
0	17	15	132.470000	0.934821
0	16	11	127.950000	0.935714
0	17	15	132.470000	0.934821
0	16	11	127.950000	0.935714
0	16	16	132.470000	0.957143
0	15	12	127.950000	0.913393
0	15	17	130.170000	0.891964
0	15	13	132.470000	0.934821
0	15	15	132.470000	0.934821
0	15	12	130.170000	0.913393
0	16	15	134.840000	0.978571
0	15	13	134.840000	0.934821
0	16	14	134.830000	1.000000
0	14	14	134.840000	0.912500
0	15	18	132.470000	0.892308
0	15	15	137.280000	0.934821
0	15	14	134.840000	0.956250
0	15	15	137.280000	0.934821
0	16	14	137.280000	1.000000
0	15	12	134.840000	0.913393
0	17	13	137.280000	0.934821
0	129	55	0.860000	0.762500
0	17	14	137.280000	0.956250
0	126	64	1.020000	0.800000
0	15	13	139.800000	0.934821
0	137	74	1.220000	0.758562
0	15	13	139.800000	0.934821
0	139	83	1.430000	0.759868
0	15	11	137.280000	0.891964
0	146	99	1.760000	0.748138
0	16	16	134.840000	0.957143
0	148	108	1.940000	0.758139
0	15	12	137.280000	0.913393
0	150	115	2.110000	0.754226
0	15	11	137.280000	0.891964
0	148	121	2.290000	0.781897
0	15	14	137.280000	0.956250
0	145	129	2.470000	0.818182
0	15	11	137.280000	0.891964
0	141	136	2.610000	0.830289
0	15	14	139.800000	0.956250
0	137	143	2.800000	0.838606
0	15	14	139.800000	0.956250
0	135	149	2.940000	0.834415
0	14	15	142.400000	0.891071
0	131	156	3.090000	0.835614
0	14	13	139.800000	0.891071
0	129	162	3.240000	0.834049
0	15	16	137.280000	0.913393
0	126	160	3.590000	0.847376
0	14	13	134.830000	0.891071
0	124	156	4.000000	0.859375
0	15	15	142.400000	0.934821
0	121	151	4.430000	0.880244
0	13	11	137.280000	0.883333
0	118	148	4.820000	0.896710
0	15	13	142.400000	0.934821
0	116	143	5.290000	0.909078
0	14	11	139.800000	0.848214
0	114	139	5.710000	0.922087
0	15	14	142.400000	0.956250
0	111	136	6.080000	0.939406
0	14	12	139.800000	0.869643
0	109	133	6.530000	0.950437
0	15	15	145.090000	0.934821
0	107	130	6.930000	0.968396
0	14	13	145.090000	0.891071
0	106	127	7.410000	0.973165
0	13	11	145.090000	0.835784
0	103	125	7.830000	0.975473
0	12	12	145.090000	0.911765
0	102	122	8.270000	0.980383
0	12	10	142.400000	0.866667
0	100	119	8.730000	0.978516
0	13	12	145.090000	0.853431
0	98	117	9.200000	0.973990
0	12	12	145.090000	0.911765
0	97	115	9.600000	0.976368
0	13	13	147.870000	0.871078
0	95	112	10.020000	0.969062
0	14	12	145.090000	0.869643
0	93	111	10.530000	0.964286
0	14	14	147.870000	0.912500
0	91	108	10.890000	0.956539
0	14	9	145.090000	0.805357
0	90	108	11.440000	0.961014
0	11	13	150.750000	0.871078
0	89	106	11.810000	0.966183
2	10	9	145.090000	0.769500
0	88	104	12.300000	0.963258
0	15	13	150.750000	0.934821
0	86	103	12.800000	0.971053
2	9	9	145.090000	0.892500
0	84	101	13.210000	0.959906
0	13	13	150.750000	0.871078
0	83	99	13.740000	0.959234
2	9	9	147.870000	0.962500
0	82	97	14.180000	0.947879
0	13	12	150.750000	0.853431
0	81	95	14.620000	0.944600
0	13	9	147.870000	0.800490
0	80	94	14.970000	0.944038
0	12	13	153.730000	0.929412
0	78	92	15.440000	0.932018
2	9	9	147.870000	0.962500
0	77	91	15.920000	0.922979
0	12	10	150.750000	0.876471
0	77	90	16.300000	0.930893
2	10	11	153.730000	0.846389
0	75	88	16.800000	0.918403
0	75	86	17.200000	0.915042
0	74	85	17.730000	0.914103
0	73	85	18.140000	0.919420
0	11	9	150.750000	0.800490
0	73	84	18.560000	0.924368
0	12	12	153.730000	0.911765
0	73	83	19.140000	0.923884
2	9	9	150.750000	0.962500
0	70	82	19.590000	0.915909
0	70	80	20.040000	0.924242
0	69	79	20.510000	0.923120
2	10	9	153.730000	0.832500
0	68	79	20.980000	0.929121
0	67	77	21.470000	0.937187
0	66	77	21.970000	0.931884
0	66	76	22.320000	0.931373
0	65	75	22.840000	0.935247
0	64	74	23.190000	0.946076
0	63	74	23.740000	0.940686
2	10	9	153.730000	0.832500
0	63	73	24.300000	0.928077
2	9	11	156.810000	0.796627
0	62	72	24.680000	0.944359
2	9	9	153.730000	0.962500
0	61	71	25.270000	0.943459
0	12	12	156.810000	0.861364
0	61	70	25.660000	0.942938
0	61	69	26.280000	0.935222
0	59	68	26.690000	0.946406
0	58	67	27.120000	0.958211
0	11	11	160.010000	0.906250
0	58	66	27.550000	0.950410
0	57	66	27.990000	0.957500
0	57	64	28.440000	0.954545
0	56	64	28.900000	0.961849
0	56	64	29.370000	0.943040
0	55	62	29.850000	0.966347
0	55	63	30.330000	0.942006
0	11	9	160.010000	0.868750
0	54	62	30.830000	0.960477
2	9	9	160.010000	0.826786
0	54	61	31.340000	0.946291
0	10	9	160.010000	0.805114
0	53	60	31.850000	0.945276
0	53	60	32.380000	0.945276
0	52	59	32.920000	0.944222
0	52	58	33.190000	0.949778
0	52	58	33.750000	0.928841
0	51	57	34.320000	0.942582
2	9	9	160.010000	0.826786
0	50	57	34.900000	0.941987
0	49	56	35.190000	0.956005
0	10	9	163.330000	0.816364
0	49	55	35.800000	0.946683
0	49	56	36.100000	0.934213
0	11	10	163.330000	0.900000
0	49	55	36.720000	0.924348
0	48	55	37.360000	0.932831
0	9	9	174.060000	0.925000
0	48	54	37.680000	0.915833
0	47	54	38.000000	0.931389
2	9	9	163.330000	0.826786
0	47	53	38.670000	0.930591
0	46	52	39.010000	0.936267
0	9	12	166.770000	0.887143
0	47	52	39.700000	0.927166
0	46	52	40.050000	0.917143
0	11	12	166.770000	0.887143
0	45	51	40.760000	0.927442
0	43	51	41.120000	0.943333
0	45	50	41.490000	0.928833
0	44	50	41.860000	0.925758
0	43	49	42.620000	0.923993
0	10	9	166.770000	0.892857
0	44	49	43.010000	0.932065
0	43	48	43.400000	0.926032
0	43	48	43.800000	0.930707
0	43	48	44.600000	0.950758
0	11	12	170.340000	0.826923
0	42	48	45.010000	0.934848
0	41	47	45.430000	0.933480
0	41	47	45.860000	0.933480
0	42	46	46.280000	0.965385
0	40	46	46.720000	0.937255
0	40	45	47.600000	0.952927
0	9	10	170.340000	0.930769
0	40	45	48.050000	0.952927
0	39	45	48.510000	0.958010
0	9	10	174.060000	0.950000
0	40	45	48.980000	0.975510
0	39	45	49.450000	0.963750
0	39	44	49.930000	0.975000
0	38	44	50.410000	0.962902
0	39	44	50.900000	0.969456
0	38	43	51.400000	0.980435
0	38	42	51.900000	0.962051
0	39	42	52.420000	0.980000
0	38	43	52.940000	0.975233
0	37	42	53.460000	0.967943
0	37	41	54.000000	0.967625
0	10	9	170.340000	0.829915
0	37	41	54.540000	0.986046
0	37	41	55.100000	0.992857
0	37	41	55.660000	0.973413
0	37	41	56.220000	0.980556
0	37	40	56.220000	0.973238
0	36	40	56.800000	0.972683
0	36	40	57.390000	0.980000
0	35	39	57.980000	0.992500
0	35	39	58.590000	0.979412
0	34	39	59.200000	1.000000
0	35	40	59.200000	0.971719
0	34	39	59.830000	0.970893
0	34	39	60.460000	0.970893
0	34	39	61.110000	0.940034
0	33	38	61.760000	0.970017
0	34	37	62.430000	0.947917
0	33	38	62.430000	0.961458
0	33	38	63.100000	0.938172
0	34	37	63.790000	0.915115
0	32	37	64.490000	0.936190
0	33	37	65.210000	0.903529
0	32	36	65.210000	0.935686
0	32	37	65.930000	0.901116
0	32	36	65.930000	0.909939
0	32	36	66.670000	0.900313
0	32	36	67.420000	0.900313
0	31	35	68.180000	0.896875
0	31	35	68.960000	0.896875
0	32	35	68.960000	0.871875
0	31	35	69.750000	0.868171
0	31	35	70.550000	0.857587
0	31	34	70.550000	0.867264
0	30	34	70.550000	0.893190
0	30	35	72.210000	0.842308
0	31	33	72.210000	0.835385
0	31	33	73.060000	0.835385
0	31	34	73.060000	0.825385
0	30	34	73.930000	0.808276
0	30	33	74.810000	0.818621
0	30	33	75.710000	0.818621
0	30	33	75.710000	0.818621
0	29	33	76.630000	0.800595
0	29	33	76.630000	0.800595
0	29	32	76.630000	0.811310
0	28	31	77.570000	0.851190
0	28	32	77.570000	0.840476
0	28	32	78.520000	0.827778
0	28	31	79.490000	0.803382
0	27	31	79.490000	0.833816
0	27	31	80.490000	0.833816
0	26	32	80.490000	0.853140
0	27	31	81.500000	0.820569
0	27	31	82.540000	0.783217
0	27	31	82.540000	0.783217
0	26	30	82.540000	0.826573
0	26	30	82.540000	0.826573
0	27	30	83.590000	0.794755
0	26	30	83.590000	0.826573
0	27	29	84.670000	0.792909
0	26	30	84.670000	0.812727
0	26	29	85.770000	0.785333
0	27	29	86.900000	0.752000
0	26	30	86.900000	0.773333
0	26	30	86.900000	0.773333
0	25	29	88.050000	0.804167
0	25	30	88.050000	0.791667
0	25	29	89.220000	0.804167
0	26	28	89.220000	0.783333
0	24	28	89.220000	0.850000
0	25	29	90.420000	0.762500
0	24	28	90.420000	0.810000
0	25	27	91.650000	0.787500
0	24	28	91.650000	0.810000
0	25	27	92.910000	0.772826
0	25	28	92.910000	0.759783
0	25	28	92.910000	0.759783
0	25	28	94.190000	0.759783
0	25	28	94.190000	0.759783
0	25	28	94.190000	0.759783
0	23	28	95.510000	0.787414
0	23	28	95.510000	0.787414
0	23	27	96.850000	0.800458
0	24	27	96.850000	0.763616
0	23	27	98.230000	0.784450
0	23	27	98.230000	0.784450
0	23	26	98.230000	0.798086
0	23	28	98.230000	0.770813
0	23	28	99.640000	0.770813
0	23	27	101.090000	0.784450
2	9	9	199.810000	0.000000
0	21	27	101.090000	0.858134
0	23	28	101.090000	0.770813
0	23	27	102.570000	0.784450
0	23	28	102.570000	0.770813
0	22	27	104.090000	0.776263
0	22	27	104.090000	0.776263
0	22	25	104.090000	0.803535
0	23	25	104.090000	0.764646
0	22	25	105.650000	0.803535
0	22	26	105.650000	0.789899
0	22	25	107.240000	0.803535
0	21	26	107.240000	0.828788
0	22	26	107.240000	0.789899
0	22	24	107.240000	0.817172
0	22	26	108.880000	0.789899
0	22	26	108.880000	0.789899
0	22	25	110.560000	0.803535
0	21	26	110.560000	0.828788
0	20	25	112.290000	0.865079
0	21	25	112.290000	0.826190
0	22	25	112.290000	0.787302
0	20	25	114.060000	0.865079
0	21	25	114.060000	0.826190
0	21	24	112.290000	0.840476
0	21	25	115.880000	0.826190
0	21	25	115.880000	0.826190
0	21	24	115.880000	0.840476
0	20	25	117.760000	0.865079
0	19	25	117.760000	0.903968
0	20	24	117.760000	0.879365
0	20	24	117.760000	0.879365
0	20	25	119.680000	0.865079
0	21	24	117.760000	0.840476
0	21	23	119.680000	0.854762
0	20	24	119.680000	0.879365
0	21	23	121.660000	0.854762
0	20	23	121.660000	0.893651
0	20	24	121.660000	0.879365
0	20	24	121.660000	0.879365
0	21	23	123.700000	0.869697
0	21	23	123.700000	0.869697
0	20	23	125.800000	0.908586
0	19	23	125.800000	0.947475
0	20	22	123.700000	0.922222
0	20	24	125.800000	0.894949
0	19	23	127.960000	0.947475
0	20	22	125.800000	0.922222
0	20	23	127.960000	0.908586
0	19	23	127.960000	0.947475
0	20	22	127.960000	0.922222
0	20	22	127.960000	0.922222
0	19	22	127.960000	0.961111
0	20	23	130.180000	0.908586
0	20	21	130.180000	0.908586
0	19	22	130.180000	0.961111
0	19	23	132.480000	0.947475
0	20	22	130.180000	0.922222
0	18	21	132.480000	0.986364
0	19	22	132.480000	0.961111
0	19	22	132.480000	0.961111
0	18	20	137.280000	0.972727
0	19	22	134.840000	0.961111
0	17	22	134.840000	0.961111
0	18	23	137.280000	0.986364
0	20	21	137.280000	0.908586
0	19	22	137.280000	0.961111
0	19	21	137.280000	0.947475
0	20	23	139.800000	0.908586
0	17	19	142.410000	0.920202
0	20	20	137.280000	0.894949
0	18	22	139.800000	1.000000
0	18	22	139.800000	1.000000
0	17	21	142.410000	0.947475
0	19	22	142.410000	0.961111
0	18	21	142.410000	0.986364
0	19	22	142.410000	0.961111
0	18	20	142.410000	0.972727
0	18	21	145.100000	0.986364
0	18	21	145.100000	0.986364
0	19	20	142.410000	0.933838
0	18	22	145.100000	1.000000
0	17	21	147.880000	0.947475
0	18	21	147.880000	0.986364
0	18	21	147.880000	0.986364
0	18	21	150.760000	1.000000
0	18	21	150.760000	1.000000
0	18	21	150.760000	1.000000
0	18	21	150.760000	1.000000
0	17	17	153.730000	0.903968
0	18	21	153.730000	1.000000
0	17	21	153.730000	0.961111
0	17	19	150.760000	0.932540
0	17	21	153.730000	0.961111
0	17	20	153.730000	0.946825
0	18	20	153.730000	0.985714
0	16	21	156.820000	0.958824
0	16	20	153.730000	0.907937
0	17	21	156.820000	1.000000
0	17	18	153.730000	0.918254
0	16	20	156.820000	0.944538
0	16	20	156.820000	0.944538
0	17	18	160.020000	0.970000
0	17	20	156.820000	0.985714
0	16	19	160.020000	0.943824
0	18	20	160.020000	0.958824
0	17	20	160.020000	1.000000
0	16	18	163.330000	0.970000
0	18	20	160.020000	0.958824
0	15	19	163.330000	0.941250
0	16	17	166.770000	0.968421
0	16	18	166.770000	0.984211
0	13	18	160.020000	0.835227
0	16	17	170.350000	0.936667
0	16	20	163.330000	1.000000
0	12	15	163.330000	0.936364
0	17	20	166.770000	0.940461
0	16	20	166.770000	0.984211
0	10	15	163.330000	0.936364
0	15	17	163.330000	0.911250
0	12	15	166.770000	0.853846
0	16	13	181.940000	0.660390
0	14	10	174.060000	0.896154
0	15	18	166.770000	0.940461
0	14	18	166.770000	0.896711
0	12	17	170.350000	0.843333
0	13	17	174.060000	0.950000
0	15	12	186.130000	0.506061
0	13	17	170.350000	0.890000
0	13	17	174.060000	0.950000
0	16	16	170.350000	0.920000
0	13	18	174.060000	0.932353
0	14	15	174.060000	0.964706
0	15	17	181.940000	0.681169
0	14	17	174.060000	1.000000
0	13	18	174.060000	0.932353
0	14	15	177.920000	0.946154
0	15	18	174.060000	0.932353
0	13	11	186.130000	0.688889
2	16	13	190.500000	0.112500
0	12	10	186.130000	0.739394
0	14	16	177.920000	0.926154
0	13	15	177.920000	1.000000
0	10	9	190.500000	0.787500
0	14	16	177.920000	0.926154
0	12	10	190.500000	0.575000
2	14	11	195.060000	0.050000
2	11	11	195.060000	-0.090000
0	15	17	181.940000	0.681169
0	10	9	190.500000	0.787500
0	14	17	181.940000	0.744805
0	10	15	186.130000	0.813131
2	15	15	186.130000	0.424242
0	14	16	181.940000	0.766234
0	12	14	181.940000	0.936364
2	13	10	195.060000	0.100000
0	11	15	186.130000	0.735354
0	13	15	186.130000	0.579798
2	14	10	199.810000	0.000000
2	12	9	199.810000	0.000000
2	9	9	199.810000	0.000000
2	9	9	199.810000	0.000000
0	11	10	174.060000	0.842308
0	10	9	177.920000	0.828788
0	14	10	177.920000	0.856061
0	11	9	181.940000	0.970000
0	9	9	181.940000	0.842727
0	11	11	186.130000	0.844444
0	12	10	186.130000	0.739394
0	10	9	190.500000	0.787500
2	14	11	190.500000	0.362500
2	17	11	190.500000	0.233333
2	10	10	195.060000	0.100000
0	15	10	186.130000	0.506061
2	10	10	195.060000	0.100000
0	11	10	190.500000	0.662500
0	11	10	190.500000	0.662500
0	12	10	190.500000	0.575000
2	12	10	195.050000	0.100000
2	13	10	195.050000	0.100000
2	13	10	195.050000	0.100000
2	11	9	199.810000	0.000000
2	10	9	199.810000	0.000000
0	112	41	0.640000	0.764407
0	112	48	0.760000	0.778693
0	111	53	0.880000	0.788719
0	109	59	1.000000	0.814751
0	108	65	1.120000	0.833562
0	107	71	1.240000	0.839409
0	107	76	1.320000	0.850760
0	106	82	1.440000	0.863113
0	105	87	1.570000	0.882946
0	108	92	1.660000	0.885125
0	111	97	1.780000	0.881267
0	111	102	1.870000	0.894178
0	110	107	2.000000	0.899473
0	109	112	2.090000	0.915154
0	107	117	2.230000	0.938851
0	106	121	2.320000	0.948967
0	105	126	2.410000	0.966197
0	104	130	2.500000	0.967981
0	102	135	2.640000	0.967234
0	101	139	2.730000	0.969078
0	100	143	2.830000	0.968822
0	99	142	3.070000	0.962060
0	98	141	3.310000	0.961703
0	97	138	3.570000	0.957065
0	96	136	3.770000	0.948079
0	95	133	4.090000	0.943202
0	94	131	4.360000	0.940456
0	93	129	4.640000	0.929113
0	92	127	4.920000	0.926222
0	90	123	5.150000	0.915604
0	89	123	5.390000	0.923469
0	88	121	5.690000	0.925773
0	87	118	5.930000	0.927097
0	87	116	6.250000	0.937500
0	86	116	6.510000	0.925638
0	86	112	6.770000	0.946316
0	85	111	7.110000	0.937605
0	83	109	7.390000	0.935657
0	82	107	7.670000	0.930133
0	81	106	7.890000	0.933065
0	82	103	8.180000	0.947464
0	80	102	8.400000	0.934058
0	80	100	8.710000	0.945028
0	78	100	8.940000	0.928161
0	78	98	9.260000	0.939187
0	78	97	9.580000	0.942520
0	77	96	9.830000	0.941837
0	76	94	10.080000	0.939936
0	75	92	10.340000	0.942614
0	74	92	10.600000	0.933864
0	74	91	10.960000	0.941903
0	72	91	11.230000	0.924182
0	72	89	11.510000	0.935689
0	71	89	11.800000	0.926714
0	70	88	12.080000	0.917617
0	70	87	12.380000	0.929305
0	69	87	12.680000	0.916558
0	69	85	12.980000	0.928297
0	69	84	13.190000	0.931912
0	68	83	13.510000	0.934667
0	68	81	13.830000	0.931008
0	68	81	14.050000	0.931008
0	67	80	14.270000	0.930080
0	67	80	14.610000	0.930080
0	66	79	14.950000	0.929127
0	66	79	15.180000	0.929127
0	65	79	15.540000	0.931944
0	65	78	15.660000	0.928147
0	65	76	15.910000	0.924252
0	64	75	16.280000	0.919447
0	64	74	16.530000	0.919298
0	63	74	16.790000	0.918312
0	62	73	17.180000	0.908158
0	62	72	17.310000	0.904211
0	62	72	17.580000	0.913196
0	62	71	17.990000	0.912986
0	62	71	18.260000	0.922235
0	62	71	18.550000	0.926073
0	61	70	18.690000	0.911725
0	61	69	19.120000	0.920875
0	61	69	19.420000	0.920875
0	61	69	19.720000	0.934470
0	61	68	19.870000	0.930303
0	60	68	20.180000	0.919697
0	60	67	20.490000	0.929252
0	60	67	20.810000	0.929252
0	58	66	20.970000	0.907473
0	58	65	21.460000	0.912946
0	58	64	21.620000	0.912636
0	58	64	21.790000	0.912636
0	57	63	22.300000	0.911274
0	57	63	22.470000	0.911274
0	56	64	22.650000	0.914611
0	55	62	23.000000	0.898580
0	55	61	23.360000	0.904282
0	54	62	23.540000	0.897284
0	53	60	23.910000	0.880924
0	54	60	24.090000	0.892399
0	54	59	24.470000	0.902308
0	54	59	24.860000	0.902308
0	51	59	25.050000	0.881647
0	53	58	25.250000	0.900689
0	52	57	25.650000	0.884137
0	53	57	25.850000	0.911084
0	52	57	26.260000	0.899015
0	52	56	26.470000	0.898554
0	52	56	26.680000	0.909564
0	50	55	27.100000	0.884527
0	50	55	27.320000	0.884527
0	49	55	27.540000	0.882992
0	49	54	27.760000	0.878074
0	49	54	27.980000	0.882500
0	49	54	28.200000	0.882500
0	49	55	28.430000	0.898636
0	47	54	28.660000	0.872758
0	47	53	29.120000	0.878751
0	47	53	29.350000	0.883397
0	47	52	29.590000	0.878225
0	48	52	29.830000	0.891188
0	47	51	30.320000	0.889176
0	46	51	30.570000	0.875968
0	46	51	30.810000	0.875968
0	46	51	31.070000	0.892445
0	47	51	31.320000	0.905907
0	45	50	31.320000	0.873626
0	46	50	31.580000	0.887088
0	47	50	31.840000	0.917825
0	45	49	32.370000	0.884920
0	45	50	32.370000	0.890374
0	45	49	32.910000	0.902222
0	44	48	32.900000	0.882667
0	44	48	33.180000	0.882667
0	44	48	33.460000	0.887698
0	43	48	33.740000	0.885984
0	43	49	34.020000	0.891644
0	42	47	34.300000	0.871154
0	44	48	34.300000	0.905495
0	43	47	34.880000	0.898237
0	44	48	34.880000	0.918590
0	42	47	35.180000	0.888971
0	43	47	35.480000	0.903554
0	42	47	35.780000	0.902003
0	43	46	35.780000	0.911014
0	42	46	36.080000	0.901532
0	41	46	36.390000	0.886638
0	43	45	36.700000	0.924348
0	42	45	37.020000	0.914641
0	41	45	37.020000	0.899423
0	42	44	37.020000	0.908518
0	42	45	37.660000	0.934583
0	41	44	37.660000	0.912778
0	40	45	37.990000	0.903472
0	40	44	37.990000	0.897222
0	41	44	38.320000	0.912778
0	40	43	38.650000	0.896690
0	41	44	38.650000	0.918629
0	41	43	38.990000	0.926741
0	40	43	39.330000	0.910832
0	40	43	39.330000	0.910832
0	41	43	39.680000	0.932707
0	39	43	39.680000	0.900889
0	40	43	40.030000	0.931598
0	39	41	40.030000	0.902275
0	39	43	40.390000	0.915318
0	39	41	40.390000	0.902275
0	39	42	40.390000	0.908797
0	39	42	40.740000	0.914884
0	40	42	40.740000	0.931163
0	38	41	41.110000	0.906667
0	39	42	41.110000	0.930000
0	39	42	41.480000	0.936364
0	39	42	41.480000	0.936364
0	38	41	41.850000	0.912879
0	39	42	41.850000	0.936364
0	37	40	41.850000	0.889394
0	37	41	42.220000	0.911253
0	38	41	42.610000	0.934827
0	39	40	42.220000	0.938581
0	39	40	42.610000	0.944923
0	37	40	42.610000	0.910777
0	38	40	42.610000	0.927850
0	38	40	42.990000	0.927850
0	37	38	42.990000	0.896824
0	37	40	42.990000	0.910777
0	37	39	43.380000	0.919593
0	37	40	43.380000	0.926570
0	38	39	43.780000	0.943571
0	38	40	43.780000	0.950714
0	38	38	44.180000	0.936429
